  -4.850  -0.4202   0.00605   0.00168  -0.0325   0.5584   0.3984
  -4.800  -0.4148   0.00593   0.00160  -0.0327   0.5584   0.4105
  -4.750  -0.4095   0.00579   0.00153  -0.0328   0.5583   0.4253
  -4.700  -0.4037   0.00572   0.00149  -0.0329   0.5582   0.4329
  -4.650  -0.3979   0.00568   0.00146  -0.0331   0.5581   0.4374
  -4.600  -0.3921   0.00563   0.00144  -0.0332   0.5580   0.4436
  -4.550  -0.3861   0.00561   0.00142  -0.0334   0.5579   0.4473
  -4.500  -0.3802   0.00558   0.00141  -0.0335   0.5579   0.4506
  -4.450  -0.3742   0.00556   0.00139  -0.0337   0.5578   0.4542
  -4.400  -0.3682   0.00555   0.00139  -0.0338   0.5577   0.4556
  -4.350  -0.3623   0.00553   0.00137  -0.0340   0.5576   0.4583
  -4.300  -0.3563   0.00552   0.00137  -0.0341   0.5575   0.4597
  -4.250  -0.3502   0.00551   0.00136  -0.0343   0.5574   0.4616
  -4.200  -0.3442   0.00551   0.00135  -0.0344   0.5573   0.4625
  -4.150  -0.3382   0.00549   0.00134  -0.0346   0.5572   0.4650
  -4.100  -0.3322   0.00548   0.00134  -0.0347   0.5571   0.4667
  -4.050  -0.3262   0.00548   0.00133  -0.0349   0.5570   0.4678
  -4.000  -0.3201   0.00547   0.00133  -0.0350   0.5569   0.4690
  -3.950  -0.3140   0.00547   0.00133  -0.0352   0.5568   0.4698
  -3.900  -0.3080   0.00547   0.00133  -0.0353   0.5567   0.4726
  -3.850  -0.3020   0.00546   0.00132  -0.0355   0.5566   0.4734
  -3.800  -0.2960   0.00546   0.00132  -0.0356   0.5565   0.4751
  -3.750  -0.2899   0.00546   0.00133  -0.0358   0.5564   0.4765
  -3.700  -0.2838   0.00546   0.00132  -0.0359   0.5563   0.4768
  -3.650  -0.2777   0.00548   0.00133  -0.0361   0.5562   0.4781
  -3.600  -0.2717   0.00547   0.00132  -0.0362   0.5561   0.4794
  -3.550  -0.2657   0.00546   0.00132  -0.0364   0.5560   0.4803
  -3.500  -0.2596   0.00546   0.00133  -0.0365   0.5560   0.4817
  -3.450  -0.2536   0.00546   0.00132  -0.0367   0.5559   0.4819
  -3.400  -0.2475   0.00545   0.00131  -0.0368   0.5558   0.4817
  -3.350  -0.2415   0.00546   0.00132  -0.0370   0.5557   0.4826
  -3.300  -0.2354   0.00546   0.00131  -0.0371   0.5556   0.4829
  -3.250  -0.2294   0.00546   0.00131  -0.0373   0.5555   0.4831
  -3.150  -0.2173   0.00546   0.00130  -0.0375   0.5553   0.4834
  -3.100  -0.2112   0.00545   0.00129  -0.0377   0.5552   0.4835
  -3.050  -0.2051   0.00545   0.00129  -0.0378   0.5552   0.4837
  -3.000  -0.1991   0.00545   0.00128  -0.0380   0.5551   0.4839
  -2.950  -0.1931   0.00545   0.00128  -0.0381   0.5550   0.4840
  -2.900  -0.1870   0.00545   0.00128  -0.0383   0.5549   0.4842
  -2.850  -0.1809   0.00545   0.00127  -0.0384   0.5548   0.4843
  -2.800  -0.1749   0.00545   0.00127  -0.0386   0.5547   0.4845
  -2.750  -0.1688   0.00545   0.00126  -0.0387   0.5546   0.4846
  -2.700  -0.1627   0.00545   0.00126  -0.0389   0.5546   0.4848
  -2.650  -0.1567   0.00545   0.00126  -0.0390   0.5545   0.4849
  -2.600  -0.1506   0.00545   0.00125  -0.0392   0.5544   0.4850
  -2.550  -0.1446   0.00545   0.00125  -0.0393   0.5543   0.4852
  -2.500  -0.1385   0.00545   0.00125  -0.0395   0.5542   0.4853
  -2.450  -0.1325   0.00545   0.00124  -0.0396   0.5541   0.4854
  -2.400  -0.1264   0.00545   0.00124  -0.0398   0.5540   0.4855
  -2.350  -0.1204   0.00545   0.00124  -0.0399   0.5540   0.4857
  -2.300  -0.1143   0.00545   0.00124  -0.0401   0.5539   0.4858
  -2.200  -0.1022   0.00545   0.00123  -0.0404   0.5537   0.4862
  -2.150  -0.0962   0.00544   0.00122  -0.0405   0.5536   0.4864
  -2.100  -0.0902   0.00544   0.00122  -0.0407   0.5535   0.4866
  -2.050  -0.0841   0.00543   0.00121  -0.0408   0.5534   0.4869
  -2.000  -0.0781   0.00543   0.00121  -0.0410   0.5533   0.4871
  -1.900  -0.0660   0.00543   0.00121  -0.0413   0.5532   0.4875
  -1.850  -0.0600   0.00543   0.00120  -0.0414   0.5531   0.4877
  -1.800  -0.0539   0.00542   0.00120  -0.0415   0.5530   0.4878
  -1.750  -0.0479   0.00542   0.00120  -0.0417   0.5529   0.4880
  -1.700  -0.0419   0.00542   0.00120  -0.0418   0.5528   0.4882
  -1.650  -0.0358   0.00542   0.00120  -0.0420   0.5527   0.4884
  -1.600  -0.0298   0.00542   0.00120  -0.0421   0.5526   0.4886
  -1.550  -0.0238   0.00542   0.00120  -0.0423   0.5525   0.4887
  -1.500  -0.0178   0.00543   0.00120  -0.0424   0.5524   0.4889
  -1.450  -0.0117   0.00543   0.00120  -0.0426   0.5523   0.4890
  -1.400  -0.0057   0.00543   0.00120  -0.0427   0.5522   0.4892
  -1.350   0.0004   0.00543   0.00120  -0.0429   0.5521   0.4894
  -1.300   0.0064   0.00543   0.00120  -0.0430   0.5520   0.4896
  -1.250   0.0124   0.00544   0.00120  -0.0431   0.5518   0.4897
  -1.200   0.0184   0.00544   0.00120  -0.0433   0.5518   0.4899
  -1.150   0.0245   0.00544   0.00120  -0.0434   0.5516   0.4901
  -1.100   0.0305   0.00545   0.00121  -0.0436   0.5515   0.4902
  -1.050   0.0365   0.00545   0.00121  -0.0437   0.5514   0.4904
  -1.000   0.0425   0.00545   0.00121  -0.0438   0.5513   0.4905
  -0.950   0.0486   0.00546   0.00121  -0.0440   0.5512   0.4907
  -0.900   0.0545   0.00546   0.00122  -0.0441   0.5510   0.4908
  -0.850   0.0606   0.00547   0.00122  -0.0443   0.5510   0.4910
  -0.800   0.0667   0.00547   0.00122  -0.0444   0.5509   0.4911
  -0.750   0.0727   0.00546   0.00122  -0.0446   0.5509   0.4913
  -0.700   0.0788   0.00546   0.00122  -0.0447   0.5508   0.4914
  -0.650   0.0849   0.00546   0.00122  -0.0449   0.5508   0.4916
  -0.600   0.0909   0.00547   0.00122  -0.0450   0.5507   0.4917
  -0.550   0.0970   0.00547   0.00122  -0.0452   0.5507   0.4919
  -0.500   0.1031   0.00547   0.00122  -0.0453   0.5506   0.4920
  -0.450   0.1091   0.00547   0.00122  -0.0455   0.5506   0.4922
  -0.400   0.1152   0.00547   0.00122  -0.0456   0.5505   0.4923
  -0.300   0.1273   0.00547   0.00122  -0.0459   0.5504   0.4926
  -0.250   0.1334   0.00547   0.00122  -0.0461   0.5503   0.4927
  -0.200   0.1395   0.00547   0.00122  -0.0462   0.5502   0.4929
  -0.150   0.1455   0.00547   0.00123  -0.0463   0.5502   0.4930
  -0.100   0.1516   0.00547   0.00123  -0.0465   0.5501   0.4931
  -0.050   0.1576   0.00548   0.00123  -0.0466   0.5501   0.4932
   0.000   0.1637   0.00548   0.00123  -0.0468   0.5500   0.4933
   0.050   0.1698   0.00548   0.00123  -0.0469   0.5499   0.4934
   0.150   0.1819   0.00547   0.00123  -0.0472   0.5498   0.4938
   0.200   0.1879   0.00547   0.00123  -0.0474   0.5497   0.4941
   0.250   0.1940   0.00547   0.00123  -0.0475   0.5496   0.4943
   0.300   0.2000   0.00546   0.00123  -0.0477   0.5495   0.4945
   0.350   0.2061   0.00546   0.00123  -0.0478   0.5494   0.4947
   0.400   0.2122   0.00546   0.00123  -0.0480   0.5493   0.4949
   0.450   0.2182   0.00546   0.00124  -0.0481   0.5492   0.4951
   0.500   0.2243   0.00546   0.00124  -0.0483   0.5491   0.4953
   0.550   0.2303   0.00545   0.00124  -0.0484   0.5490   0.4955
   0.600   0.2364   0.00545   0.00124  -0.0486   0.5489   0.4956
   0.650   0.2424   0.00545   0.00124  -0.0487   0.5487   0.4958
   0.750   0.2546   0.00545   0.00125  -0.0490   0.5484   0.4962
   0.800   0.2606   0.00545   0.00125  -0.0492   0.5482   0.4963
   0.850   0.2667   0.00545   0.00125  -0.0493   0.5481   0.4965
   0.900   0.2727   0.00545   0.00125  -0.0494   0.5480   0.4967
   1.000   0.2849   0.00545   0.00125  -0.0497   0.5476   0.4970
   1.050   0.2909   0.00544   0.00125  -0.0499   0.5473   0.4971
   1.100   0.2970   0.00544   0.00125  -0.0500   0.5470   0.4973
   1.150   0.3031   0.00544   0.00125  -0.0502   0.5468   0.4975
   1.200   0.3091   0.00544   0.00125  -0.0503   0.5465   0.4976
   1.250   0.3152   0.00544   0.00125  -0.0505   0.5462   0.4978
   1.300   0.3213   0.00544   0.00125  -0.0506   0.5459   0.4979
   1.350   0.3273   0.00544   0.00125  -0.0508   0.5456   0.4981
   1.400   0.3334   0.00544   0.00125  -0.0509   0.5452   0.4982
   1.450   0.3394   0.00544   0.00125  -0.0510   0.5448   0.4984
   1.500   0.3454   0.00544   0.00125  -0.0512   0.5443   0.4986
   1.550   0.3514   0.00545   0.00126  -0.0513   0.5438   0.4987
   1.600   0.3572   0.00547   0.00127  -0.0514   0.5432   0.4989
   1.650   0.3633   0.00547   0.00127  -0.0516   0.5428   0.4990
   1.700   0.3694   0.00546   0.00127  -0.0517   0.5425   0.4992
   1.750   0.3755   0.00545   0.00127  -0.0519   0.5421   0.4993
   1.850   0.3877   0.00544   0.00127  -0.0522   0.5415   0.4996
   1.900   0.3939   0.00544   0.00126  -0.0523   0.5411   0.4998
   1.950   0.3999   0.00543   0.00126  -0.0525   0.5407   0.4999
   2.000   0.4061   0.00543   0.00126  -0.0526   0.5403   0.5001
   2.050   0.4122   0.00543   0.00126  -0.0528   0.5398   0.5002
   2.100   0.4182   0.00543   0.00126  -0.0529   0.5394   0.5003
   2.150   0.4243   0.00542   0.00126  -0.0531   0.5390   0.5004
   2.200   0.4304   0.00542   0.00127  -0.0532   0.5386   0.5006
   2.250   0.4365   0.00542   0.00126  -0.0534   0.5381   0.5007
   2.300   0.4425   0.00542   0.00127  -0.0535   0.5377   0.5008
   2.350   0.4485   0.00542   0.00127  -0.0536   0.5373   0.5009
   2.400   0.4546   0.00543   0.00127  -0.0538   0.5368   0.5010
   2.450   0.4606   0.00543   0.00127  -0.0539   0.5364   0.5011
   2.550   0.4725   0.00544   0.00128  -0.0542   0.5354   0.5015
   2.600   0.4785   0.00544   0.00128  -0.0543   0.5348   0.5018
   2.650   0.4846   0.00543   0.00128  -0.0545   0.5345   0.5020
   2.750   0.4968   0.00542   0.00128  -0.0548   0.5335   0.5024
   2.800   0.5029   0.00541   0.00129  -0.0549   0.5332   0.5027
   2.850   0.5090   0.00541   0.00129  -0.0551   0.5326   0.5029
   2.900   0.5150   0.00540   0.00129  -0.0552   0.5321   0.5030
   2.950   0.5211   0.00540   0.00129  -0.0554   0.5315   0.5032
   3.000   0.5272   0.00540   0.00129  -0.0555   0.5309   0.5034
   3.050   0.5332   0.00540   0.00130  -0.0556   0.5304   0.5036
   3.100   0.5393   0.00540   0.00130  -0.0558   0.5297   0.5038
   3.150   0.5453   0.00540   0.00130  -0.0559   0.5293   0.5040
   3.200   0.5513   0.00540   0.00130  -0.0561   0.5286   0.5041
   3.250   0.5572   0.00541   0.00131  -0.0562   0.5278   0.5043
   3.350   0.5693   0.00541   0.00132  -0.0564   0.5263   0.5046
   3.500   0.5875   0.00540   0.00133  -0.0569   0.5238   0.5051
   3.550   0.5935   0.00540   0.00133  -0.0570   0.5230   0.5053
   3.600   0.5995   0.00541   0.00133  -0.0572   0.5221   0.5054
   3.650   0.6055   0.00541   0.00134  -0.0573   0.5208   0.5056
   3.700   0.6115   0.00542   0.00134  -0.0574   0.5205   0.5058
   3.750   0.6175   0.00542   0.00135  -0.0575   0.5197   0.5059
   3.800   0.6235   0.00543   0.00136  -0.0577   0.5186   0.5060
   3.850   0.6295   0.00543   0.00136  -0.0578   0.5183   0.5062
   3.900   0.6356   0.00543   0.00137  -0.0580   0.5173   0.5064
   3.950   0.6416   0.00543   0.00137  -0.0581   0.5163   0.5065
   4.000   0.6476   0.00543   0.00138  -0.0582   0.5155   0.5067
   4.050   0.6536   0.00544   0.00139  -0.0584   0.5139   0.5068
   4.100   0.6595   0.00545   0.00139  -0.0585   0.5126   0.5070
   4.150   0.6655   0.00546   0.00140  -0.0586   0.5119   0.5072
   4.250   0.6774   0.00546   0.00141  -0.0589   0.5089   0.5075
   4.300   0.6833   0.00548   0.00142  -0.0590   0.5057   0.5076
   4.350   0.6891   0.00549   0.00143  -0.0591   0.5024   0.5077
   4.400   0.6951   0.00550   0.00144  -0.0592   0.5001   0.5079
   4.450   0.7006   0.00554   0.00145  -0.0593   0.4926   0.5080
   4.500   0.7057   0.00562   0.00147  -0.0592   0.4786   0.5081
   4.550   0.7090   0.00584   0.00156  -0.0589   0.4510   0.5083
   4.600   0.7120   0.00608   0.00169  -0.0586   0.4250   0.5084
   4.750   0.7262   0.00640   0.00187  -0.0584   0.3919   0.5087
   4.800   0.7306   0.00654   0.00195  -0.0582   0.3781   0.5088
   4.850   0.7347   0.00669   0.00203  -0.0581   0.3621   0.5089
   4.900   0.7396   0.00677   0.00208  -0.0580   0.3536   0.5091
   5.050   0.7537   0.00708   0.00226  -0.0578   0.3216   0.5098
   5.100   0.7583   0.00717   0.00231  -0.0578   0.3118   0.5100
   5.150   0.7628   0.00728   0.00238  -0.0576   0.3008   0.5102
   5.200   0.7673   0.00740   0.00244  -0.0575   0.2888   0.5105
   5.250   0.7719   0.00750   0.00251  -0.0574   0.2789   0.5106
   5.300   0.7765   0.00760   0.00256  -0.0574   0.2697   0.5109
   5.350   0.7812   0.00769   0.00262  -0.0573   0.2610   0.5110
   5.400   0.7860   0.00777   0.00268  -0.0572   0.2533   0.5112
   5.450   0.7892   0.00796   0.00278  -0.0569   0.2349   0.5114
   5.500   0.7934   0.00809   0.00286  -0.0568   0.2225   0.5116
   5.550   0.7981   0.00818   0.00291  -0.0567   0.2153   0.5117
   5.600   0.8027   0.00827   0.00297  -0.0566   0.2076   0.5119
   5.650   0.8070   0.00838   0.00304  -0.0565   0.1977   0.5121
   5.700   0.8120   0.00845   0.00309  -0.0564   0.1921   0.5122
   5.800   0.8204   0.00868   0.00323  -0.0561   0.1735   0.5126
   5.850   0.8250   0.00876   0.00329  -0.0560   0.1664   0.5127
   5.900   0.8297   0.00884   0.00334  -0.0560   0.1607   0.5129
   5.950   0.8341   0.00894   0.00341  -0.0558   0.1530   0.5131
   6.000   0.8389   0.00902   0.00346  -0.0558   0.1475   0.5132
   6.050   0.8433   0.00911   0.00353  -0.0557   0.1411   0.5134
   6.100   0.8478   0.00920   0.00359  -0.0555   0.1352   0.5136
   6.150   0.8528   0.00926   0.00363  -0.0555   0.1310   0.5137
   6.300   0.8667   0.00950   0.00381  -0.0553   0.1156   0.5142
   6.350   0.8710   0.00959   0.00387  -0.0551   0.1097   0.5143
   6.400   0.8756   0.00967   0.00393  -0.0550   0.1054   0.5145
   6.450   0.8804   0.00974   0.00398  -0.0549   0.1013   0.5146
   6.550   0.8897   0.00989   0.00409  -0.0548   0.0931   0.5149
   6.600   0.8941   0.00998   0.00416  -0.0546   0.0885   0.5151
   6.650   0.8984   0.01007   0.00422  -0.0545   0.0839   0.5152
   6.700   0.9032   0.01012   0.00427  -0.0544   0.0810   0.5153
   6.750   0.9083   0.01018   0.00432  -0.0544   0.0793   0.5155
   6.800   0.9127   0.01026   0.00438  -0.0543   0.0752   0.5156
   6.850   0.9173   0.01033   0.00444  -0.0542   0.0722   0.5158
   6.900   0.9221   0.01039   0.00449  -0.0541   0.0700   0.5159
   6.950   0.9269   0.01045   0.00454  -0.0541   0.0674   0.5160
   7.000   0.9312   0.01054   0.00461  -0.0539   0.0638   0.5161
   7.050   0.9358   0.01060   0.00466  -0.0538   0.0617   0.5163
   7.100   0.9404   0.01068   0.00471  -0.0537   0.0593   0.5164
   7.150   0.9450   0.01074   0.00477  -0.0536   0.0569   0.5165
   7.200   0.9500   0.01079   0.00482  -0.0536   0.0555   0.5166
   7.350   0.9637   0.01098   0.00498  -0.0533   0.0497   0.5172
   7.400   0.9680   0.01107   0.00505  -0.0531   0.0472   0.5174
   7.450   0.9730   0.01111   0.00509  -0.0531   0.0461   0.5176
   7.500   0.9773   0.01118   0.00516  -0.0530   0.0439   0.5178
   7.550   0.9820   0.01125   0.00521  -0.0529   0.0426   0.5180
   7.600   0.9864   0.01131   0.00527  -0.0528   0.0405   0.5183
   7.650   0.9910   0.01137   0.00533  -0.0527   0.0393   0.5185
   7.700   0.9953   0.01145   0.00539  -0.0525   0.0375   0.5188
   7.750   1.0000   0.01150   0.00545  -0.0524   0.0363   0.5189
   7.850   1.0084   0.01164   0.00557  -0.0521   0.0336   0.5193
   7.900   1.0132   0.01170   0.00563  -0.0520   0.0326   0.5195
   7.950   1.0179   0.01176   0.00568  -0.0520   0.0314   0.5197
   8.000   1.0222   0.01182   0.00574  -0.0518   0.0306   0.5198
   8.050   1.0264   0.01190   0.00581  -0.0517   0.0291   0.5200
   8.100   1.0307   0.01197   0.00588  -0.0515   0.0277   0.5202
   8.150   1.0351   0.01203   0.00593  -0.0514   0.0272   0.5204
   8.250   1.0436   0.01216   0.00606  -0.0511   0.0254   0.5207
   8.350   1.0519   0.01229   0.00618  -0.0507   0.0238   0.5210
   8.400   1.0563   0.01236   0.00625  -0.0506   0.0232   0.5212
   8.450   1.0606   0.01242   0.00631  -0.0505   0.0226   0.5214
   8.500   1.0651   0.01248   0.00637  -0.0504   0.0223   0.5215
   8.550   1.0687   0.01256   0.00644  -0.0501   0.0213   0.5217
   8.600   1.0732   0.01261   0.00649  -0.0500   0.0211   0.5219
   8.650   1.0774   0.01270   0.00657  -0.0498   0.0202   0.5221
   8.700   1.0814   0.01275   0.00663  -0.0496   0.0201   0.5222
   8.750   1.0853   0.01282   0.00669  -0.0494   0.0192   0.5224
   8.800   1.0893   0.01288   0.00676  -0.0492   0.0188   0.5225
   8.850   1.0928   0.01297   0.00684  -0.0489   0.0180   0.5227
   8.900   1.0967   0.01302   0.00689  -0.0487   0.0179   0.5229
   8.950   1.1001   0.01308   0.00695  -0.0484   0.0177   0.5229
   9.000   1.1037   0.01313   0.00701  -0.0481   0.0175   0.5232
   9.050   1.1056   0.01321   0.00708  -0.0475   0.0162   0.5234
   9.150   1.1124   0.01331   0.00719  -0.0469   0.0164   0.5236
   9.200   1.1152   0.01339   0.00726  -0.0465   0.0159   0.5238
   9.250   1.1187   0.01346   0.00734  -0.0462   0.0157   0.5239
   9.300   1.1221   0.01353   0.00741  -0.0459   0.0153   0.5240
   9.350   1.1250   0.01362   0.00749  -0.0455   0.0145   0.5242
   9.400   1.1278   0.01370   0.00757  -0.0451   0.0141   0.5243
   9.450   1.1316   0.01376   0.00764  -0.0449   0.0144   0.5244
   9.500   1.1336   0.01387   0.00774  -0.0443   0.0136   0.5245
   9.550   1.1371   0.01395   0.00782  -0.0441   0.0136   0.5246
   9.600   1.1406   0.01402   0.00790  -0.0438   0.0134   0.5247
   9.700   1.1470   0.01420   0.00808  -0.0432   0.0125   0.5251
   9.750   1.1501   0.01429   0.00817  -0.0429   0.0123   0.5255
   9.900   1.1593   0.01456   0.00845  -0.0420   0.0114   0.5261
   9.950   1.1619   0.01466   0.00855  -0.0416   0.0109   0.5263
  10.050   1.1685   0.01484   0.00873  -0.0410   0.0108   0.5267
  10.100   1.1713   0.01494   0.00884  -0.0407   0.0107   0.5269
  10.150   1.1746   0.01504   0.00894  -0.0405   0.0106   0.5271
  10.200   1.1772   0.01515   0.00905  -0.0401   0.0103   0.5273
  10.250   1.1811   0.01522   0.00914  -0.0399   0.0106   0.5276
  10.300   1.1827   0.01536   0.00927  -0.0394   0.0099   0.5277
  10.350   1.1861   0.01546   0.00937  -0.0392   0.0099   0.5280
  10.400   1.1892   0.01555   0.00947  -0.0389   0.0099   0.5280
  10.450   1.1918   0.01567   0.00960  -0.0386   0.0096   0.5282
  10.500   1.1948   0.01580   0.00972  -0.0384   0.0093   0.5285
  10.550   1.1976   0.01589   0.00982  -0.0380   0.0096   0.5286
  10.600   1.2004   0.01603   0.00996  -0.0378   0.0092   0.5288
  10.650   1.2031   0.01617   0.01010  -0.0375   0.0089   0.5289
  10.700   1.2063   0.01627   0.01021  -0.0372   0.0092   0.5293
  10.750   1.2078   0.01642   0.01036  -0.0368   0.0088   0.5293
  10.800   1.2110   0.01655   0.01050  -0.0366   0.0088   0.5296
  10.900   1.2172   0.01680   0.01075  -0.0362   0.0085   0.5298
  11.000   1.2222   0.01707   0.01103  -0.0356   0.0083   0.5302
  11.050   1.2251   0.01721   0.01117  -0.0353   0.0083   0.5304
  11.100   1.2275   0.01736   0.01133  -0.0350   0.0081   0.5306
  11.150   1.2298   0.01751   0.01149  -0.0347   0.0080   0.5309
  11.200   1.2331   0.01765   0.01163  -0.0346   0.0081   0.5309
  11.300   1.2377   0.01800   0.01198  -0.0341   0.0077   0.5313
  11.350   1.2404   0.01814   0.01213  -0.0338   0.0079   0.5315
  11.400   1.2430   0.01831   0.01231  -0.0336   0.0078   0.5315
  11.450   1.2448   0.01854   0.01254  -0.0333   0.0076   0.5318
  11.500   1.2472   0.01870   0.01270  -0.0331   0.0076   0.5320
  11.600   1.2515   0.01910   0.01311  -0.0326   0.0073   0.5322
  11.700   1.2569   0.01944   0.01346  -0.0322   0.0073   0.5325
  11.750   1.2604   0.01957   0.01359  -0.0321   0.0071   0.5326
  11.950   1.2706   0.02035   0.01440  -0.0315   0.0069   0.5335
  12.000   1.2736   0.02055   0.01460  -0.0314   0.0067   0.5338
  12.050   1.2761   0.02074   0.01480  -0.0312   0.0068   0.5341
  12.100   1.2786   0.02093   0.01501  -0.0311   0.0069   0.5342
  12.150   1.2814   0.02117   0.01524  -0.0310   0.0067   0.5345
  12.200   1.2836   0.02138   0.01546  -0.0308   0.0066   0.5347
  12.250   1.2857   0.02161   0.01570  -0.0306   0.0066   0.5349
  12.300   1.2881   0.02183   0.01593  -0.0305   0.0066   0.5351
  12.350   1.2912   0.02206   0.01616  -0.0305   0.0063   0.5355
  12.400   1.2932   0.02226   0.01637  -0.0302   0.0065   0.5356
  12.450   1.2955   0.02251   0.01662  -0.0301   0.0064   0.5358
  12.500   1.2981   0.02272   0.01684  -0.0300   0.0064   0.5360
  12.550   1.3007   0.02295   0.01707  -0.0299   0.0062   0.5363
  12.600   1.3022   0.02323   0.01737  -0.0297   0.0062   0.5365
  12.650   1.3056   0.02340   0.01754  -0.0297   0.0061   0.5367
  12.700   1.3077   0.02363   0.01778  -0.0295   0.0062   0.5369
  12.750   1.3100   0.02386   0.01801  -0.0293   0.0061   0.5370
  12.850   1.3152   0.02432   0.01848  -0.0291   0.0061   0.5375
  12.900   1.3173   0.02456   0.01873  -0.0290   0.0060   0.5376
  12.950   1.3205   0.02474   0.01891  -0.0289   0.0059   0.5379
  13.050   1.3253   0.02522   0.01940  -0.0287   0.0058   0.5384
  13.150   1.3305   0.02567   0.01987  -0.0285   0.0056   0.5388
  13.200   1.3321   0.02594   0.02014  -0.0283   0.0056   0.5389
  13.250   1.3346   0.02618   0.02039  -0.0283   0.0056   0.5391
  13.300   1.3367   0.02643   0.02064  -0.0281   0.0056   0.5394
  13.350   1.3383   0.02672   0.02093  -0.0280   0.0054   0.5395
  13.400   1.3412   0.02695   0.02117  -0.0279   0.0055   0.5397
  13.450   1.3429   0.02722   0.02144  -0.0277   0.0054   0.5400
  13.500   1.3456   0.02745   0.02168  -0.0277   0.0054   0.5399
  13.550   1.3459   0.02783   0.02207  -0.0274   0.0052   0.5402
  13.600   1.3497   0.02799   0.02223  -0.0275   0.0053   0.5403
  13.650   1.3510   0.02831   0.02256  -0.0273   0.0051   0.5405
  13.700   1.3541   0.02852   0.02277  -0.0273   0.0051   0.5407
  13.900   1.3625   0.02957   0.02385  -0.0268   0.0051   0.5417
  13.950   1.3660   0.02977   0.02405  -0.0269   0.0051   0.5423
  14.000   1.3678   0.03003   0.02432  -0.0267   0.0050   0.5423
  14.100   1.3728   0.03052   0.02482  -0.0266   0.0049   0.5428
  14.150   1.3749   0.03081   0.02512  -0.0265   0.0048   0.5431
  14.200   1.3769   0.03105   0.02536  -0.0264   0.0048   0.5433
  14.250   1.3792   0.03132   0.02565  -0.0263   0.0048   0.5437
  14.350   1.3827   0.03190   0.02624  -0.0261   0.0047   0.5441
  14.400   1.3845   0.03217   0.02652  -0.0259   0.0047   0.5445
  14.450   1.3862   0.03246   0.02682  -0.0258   0.0048   0.5446
  14.500   1.3888   0.03271   0.02708  -0.0258   0.0046   0.5449
  14.550   1.3900   0.03303   0.02739  -0.0256   0.0045   0.5451
  14.600   1.3929   0.03329   0.02767  -0.0256   0.0046   0.5455
  14.700   1.3967   0.03385   0.02824  -0.0254   0.0046   0.5457
  14.750   1.3979   0.03419   0.02858  -0.0253   0.0044   0.5462
  14.800   1.4000   0.03447   0.02886  -0.0252   0.0043   0.5463
  14.850   1.4015   0.03481   0.02921  -0.0251   0.0043   0.5468
  14.950   1.4055   0.03537   0.02979  -0.0250   0.0043   0.5471
  15.000   1.4069   0.03564   0.03006  -0.0248   0.0042   0.5473
  15.050   1.4085   0.03599   0.03042  -0.0247   0.0042   0.5477
  15.100   1.4117   0.03623   0.03067  -0.0248   0.0041   0.5479
  15.150   1.4131   0.03654   0.03099  -0.0246   0.0042   0.5481
  15.200   1.4150   0.03684   0.03129  -0.0246   0.0041   0.5484
  15.250   1.4174   0.03711   0.03157  -0.0245   0.0041   0.5486
  15.300   1.4196   0.03741   0.03187  -0.0245   0.0041   0.5489
  15.350   1.4216   0.03770   0.03218  -0.0245   0.0041   0.5489
  15.550   1.4288   0.03891   0.03342  -0.0241   0.0040   0.5500
  15.600   1.4308   0.03924   0.03375  -0.0242   0.0038   0.5504
  15.700   1.4342   0.03989   0.03442  -0.0240   0.0039   0.5511
  15.750   1.4356   0.04019   0.03473  -0.0239   0.0038   0.5517
  15.800   1.4381   0.04049   0.03503  -0.0239   0.0038   0.5520
  15.850   1.4393   0.04088   0.03542  -0.0238   0.0037   0.5521
  15.900   1.4418   0.04115   0.03570  -0.0239   0.0036   0.5524
  15.950   1.4426   0.04154   0.03610  -0.0237   0.0036   0.5528
  16.000   1.4448   0.04181   0.03638  -0.0237   0.0036   0.5530
  16.050   1.4460   0.04216   0.03674  -0.0236   0.0036   0.5534
  16.100   1.4473   0.04256   0.03714  -0.0236   0.0035   0.5538
  16.150   1.4496   0.04286   0.03745  -0.0236   0.0036   0.5540
  16.200   1.4507   0.04324   0.03784  -0.0235   0.0035   0.5545
  16.300   1.4535   0.04396   0.03858  -0.0234   0.0034   0.5550
  16.400   1.4568   0.04467   0.03930  -0.0233   0.0034   0.5554
  16.450   1.4588   0.04499   0.03962  -0.0233   0.0034   0.5560
  16.500   1.4601   0.04536   0.04001  -0.0232   0.0034   0.5562
  16.550   1.4630   0.04563   0.04028  -0.0233   0.0033   0.5566
  16.650   1.4657   0.04630   0.04097  -0.0231   0.0032   0.5570
  16.800   1.4705   0.04738   0.04207  -0.0231   0.0032   0.5581
  16.850   1.4722   0.04777   0.04248  -0.0231   0.0031   0.5583
  16.900   1.4736   0.04814   0.04285  -0.0231   0.0031   0.5588
  16.950   1.4746   0.04853   0.04325  -0.0230   0.0032   0.5592
  17.000   1.4770   0.04884   0.04357  -0.0230   0.0031   0.5597
  17.100   1.4793   0.04968   0.04443  -0.0230   0.0029   0.5604
  17.150   1.4809   0.05000   0.04476  -0.0230   0.0030   0.5607
  17.200   1.4813   0.05050   0.04526  -0.0229   0.0029   0.5610
  17.250   1.4823   0.05092   0.04569  -0.0229   0.0029   0.5614
  17.300   1.4849   0.05119   0.04598  -0.0229   0.0030   0.5619
  17.350   1.4868   0.05160   0.04640  -0.0230   0.0030   0.5622
  17.400   1.4880   0.05196   0.04676  -0.0230   0.0029   0.5626
  17.450   1.4878   0.05258   0.04738  -0.0230   0.0027   0.5630
  17.500   1.4891   0.05293   0.04774  -0.0230   0.0027   0.5634
  17.550   1.4899   0.05338   0.04820  -0.0229   0.0027   0.5638
  17.650   1.4932   0.05412   0.04897  -0.0230   0.0028   0.5645
  17.700   1.4942   0.05456   0.04941  -0.0229   0.0027   0.5647
  17.900   1.4994   0.05624   0.05113  -0.0230   0.0026   0.5663
  17.950   1.5006   0.05669   0.05158  -0.0231   0.0024   0.5668
  18.000   1.5019   0.05707   0.05199  -0.0231   0.0025   0.5674
  18.050   1.5034   0.05749   0.05242  -0.0231   0.0026   0.5679
  18.100   1.5049   0.05791   0.05285  -0.0232   0.0025   0.5684
  18.150   1.5056   0.05841   0.05335  -0.0232   0.0025   0.5688
  18.200   1.5064   0.05888   0.05384  -0.0232   0.0026   0.5693
  18.250   1.5077   0.05929   0.05426  -0.0233   0.0025   0.5697
  18.300   1.5088   0.05975   0.05472  -0.0233   0.0024   0.5701
  18.350   1.5101   0.06020   0.05519  -0.0234   0.0023   0.5707
  18.400   1.5110   0.06068   0.05568  -0.0234   0.0024   0.5711
  18.550   1.5140   0.06209   0.05711  -0.0236   0.0024   0.5727
  18.600   1.5142   0.06264   0.05767  -0.0237   0.0023   0.5729
  18.650   1.5154   0.06307   0.05812  -0.0237   0.0023   0.5732
  18.700   1.5157   0.06367   0.05872  -0.0238   0.0022   0.5735
  18.750   1.5164   0.06414   0.05921  -0.0238   0.0023   0.5744
  18.800   1.5166   0.06468   0.05975  -0.0239   0.0022   0.5750
  18.850   1.5183   0.06509   0.06018  -0.0240   0.0022   0.5752
  18.900   1.5177   0.06579   0.06089  -0.0241   0.0021   0.5759
  18.950   1.5196   0.06617   0.06128  -0.0241   0.0021   0.5764
  19.000   1.5201   0.06670   0.06183  -0.0242   0.0022   0.5770
  19.050   1.5204   0.06726   0.06240  -0.0243   0.0021   0.5778
  19.150   1.5215   0.06831   0.06347  -0.0244   0.0020   0.5788
  19.200   1.5220   0.06892   0.06409  -0.0246   0.0020   0.5797
  19.250   1.5221   0.06947   0.06466  -0.0247   0.0021   0.5800
  19.350   1.5231   0.07057   0.06577  -0.0248   0.0019   0.5810
  19.500   1.5255   0.07219   0.06744  -0.0252   0.0020   0.5826
  19.550   1.5261   0.07274   0.06800  -0.0253   0.0020   0.5837
  19.600   1.5263   0.07333   0.06861  -0.0254   0.0019   0.5842
  19.650   1.5268   0.07386   0.06915  -0.0255   0.0019   0.5848
  19.750   1.5265   0.07518   0.07049  -0.0258   0.0018   0.5863
  19.800   1.5269   0.07571   0.07103  -0.0259   0.0019   0.5865
  19.850   1.5260   0.07651   0.07184  -0.0261   0.0017   0.5870
  19.900   1.5277   0.07697   0.07232  -0.0263   0.0018   0.5882
  19.950   1.5278   0.07755   0.07291  -0.0264   0.0017   0.5887
  20.000   1.5283   0.07812   0.07349  -0.0265   0.0018   0.5893
