  -4.850  -0.2195   0.00776   0.00299  -0.1340   0.5254   0.2738
  -4.800  -0.2135   0.00775   0.00298  -0.1342   0.5238   0.2738
  -4.750  -0.2073   0.00775   0.00297  -0.1343   0.5224   0.2740
  -4.700  -0.2012   0.00774   0.00296  -0.1344   0.5210   0.2741
  -4.650  -0.1951   0.00773   0.00295  -0.1346   0.5194   0.2741
  -4.600  -0.1889   0.00773   0.00294  -0.1347   0.5179   0.2742
  -4.550  -0.1828   0.00773   0.00293  -0.1349   0.5163   0.2743
  -4.500  -0.1768   0.00773   0.00292  -0.1350   0.5146   0.2744
  -4.450  -0.1708   0.00773   0.00291  -0.1351   0.5130   0.2744
  -4.400  -0.1646   0.00772   0.00290  -0.1353   0.5118   0.2745
  -4.350  -0.1585   0.00771   0.00289  -0.1354   0.5105   0.2746
  -4.300  -0.1523   0.00771   0.00288  -0.1355   0.5091   0.2747
  -4.250  -0.1462   0.00771   0.00287  -0.1357   0.5076   0.2747
  -4.200  -0.1401   0.00770   0.00286  -0.1358   0.5061   0.2748
  -4.150  -0.1341   0.00770   0.00285  -0.1359   0.5047   0.2749
  -4.100  -0.1280   0.00771   0.00284  -0.1361   0.5030   0.2750
  -4.050  -0.1218   0.00770   0.00284  -0.1362   0.5019   0.2751
  -4.000  -0.1157   0.00769   0.00282  -0.1363   0.5007   0.2751
  -3.950  -0.1095   0.00769   0.00282  -0.1365   0.4995   0.2752
  -3.900  -0.1034   0.00769   0.00281  -0.1366   0.4981   0.2753
  -3.850  -0.0972   0.00768   0.00280  -0.1367   0.4966   0.2754
  -3.800  -0.0912   0.00768   0.00279  -0.1369   0.4953   0.2754
  -3.750  -0.0852   0.00768   0.00279  -0.1370   0.4938   0.2755
  -3.700  -0.0790   0.00769   0.00278  -0.1371   0.4924   0.2756
  -3.650  -0.0729   0.00768   0.00277  -0.1372   0.4915   0.2757
  -3.600  -0.0667   0.00767   0.00276  -0.1374   0.4903   0.2758
  -3.550  -0.0605   0.00767   0.00275  -0.1375   0.4892   0.2758
  -3.500  -0.0544   0.00767   0.00275  -0.1377   0.4878   0.2759
  -3.450  -0.0483   0.00767   0.00274  -0.1378   0.4865   0.2760
  -3.400  -0.0422   0.00767   0.00273  -0.1379   0.4852   0.2761
  -3.350  -0.0361   0.00767   0.00273  -0.1380   0.4841   0.2761
  -3.300  -0.0300   0.00767   0.00272  -0.1382   0.4828   0.2762
  -3.250  -0.0239   0.00767   0.00271  -0.1383   0.4815   0.2762
  -3.150  -0.0116   0.00766   0.00270  -0.1385   0.4797   0.2764
  -3.100  -0.0055   0.00766   0.00270  -0.1387   0.4784   0.2764
  -3.050   0.0007   0.00766   0.00269  -0.1388   0.4773   0.2765
  -3.000   0.0068   0.00766   0.00268  -0.1389   0.4763   0.2765
  -2.950   0.0129   0.00766   0.00268  -0.1390   0.4751   0.2766
  -2.900   0.0190   0.00766   0.00267  -0.1392   0.4740   0.2767
  -2.850   0.0251   0.00766   0.00267  -0.1393   0.4727   0.2767
  -2.800   0.0312   0.00766   0.00267  -0.1394   0.4717   0.2768
  -2.750   0.0373   0.00766   0.00266  -0.1395   0.4709   0.2768
  -2.700   0.0434   0.00766   0.00265  -0.1396   0.4701   0.2769
  -2.650   0.0496   0.00765   0.00265  -0.1398   0.4692   0.2769
  -2.600   0.0558   0.00765   0.00264  -0.1399   0.4682   0.2770
  -2.550   0.0620   0.00765   0.00264  -0.1400   0.4673   0.2770
  -2.500   0.0681   0.00765   0.00264  -0.1401   0.4662   0.2771
  -2.450   0.0742   0.00765   0.00263  -0.1403   0.4653   0.2771
  -2.400   0.0802   0.00766   0.00263  -0.1404   0.4642   0.2771
  -2.350   0.0863   0.00766   0.00263  -0.1405   0.4632   0.2772
  -2.300   0.0925   0.00766   0.00262  -0.1406   0.4622   0.2772
  -2.200   0.1048   0.00765   0.00261  -0.1409   0.4606   0.2774
  -2.150   0.1111   0.00764   0.00259  -0.1410   0.4598   0.2777
  -2.100   0.1175   0.00763   0.00258  -0.1412   0.4591   0.2779
  -2.050   0.1236   0.00762   0.00257  -0.1413   0.4583   0.2781
  -2.000   0.1298   0.00761   0.00257  -0.1415   0.4575   0.2782
  -1.900   0.1423   0.00760   0.00255  -0.1418   0.4556   0.2788
  -1.850   0.1484   0.00760   0.00254  -0.1419   0.4547   0.2788
  -1.800   0.1546   0.00759   0.00253  -0.1420   0.4539   0.2791
  -1.750   0.1607   0.00759   0.00253  -0.1422   0.4529   0.2792
  -1.700   0.1670   0.00759   0.00252  -0.1423   0.4520   0.2794
  -1.650   0.1731   0.00759   0.00252  -0.1424   0.4512   0.2795
  -1.600   0.1793   0.00758   0.00251  -0.1426   0.4506   0.2798
  -1.550   0.1856   0.00757   0.00251  -0.1427   0.4500   0.2799
  -1.500   0.1917   0.00757   0.00250  -0.1428   0.4493   0.2800
  -1.450   0.1980   0.00756   0.00250  -0.1430   0.4486   0.2802
  -1.400   0.2041   0.00756   0.00249  -0.1431   0.4479   0.2803
  -1.350   0.2103   0.00756   0.00249  -0.1432   0.4470   0.2805
  -1.300   0.2165   0.00756   0.00249  -0.1434   0.4462   0.2806
  -1.250   0.2226   0.00756   0.00248  -0.1435   0.4455   0.2807
  -1.200   0.2289   0.00756   0.00248  -0.1436   0.4448   0.2809
  -1.150   0.2349   0.00756   0.00248  -0.1437   0.4440   0.2810
  -1.100   0.2410   0.00756   0.00248  -0.1438   0.4431   0.2812
  -1.050   0.2470   0.00756   0.00247  -0.1439   0.4423   0.2813
  -1.000   0.2532   0.00756   0.00247  -0.1440   0.4415   0.2814
  -0.950   0.2595   0.00756   0.00247  -0.1442   0.4410   0.2815
  -0.900   0.2657   0.00756   0.00247  -0.1443   0.4405   0.2817
  -0.850   0.2717   0.00755   0.00247  -0.1444   0.4400   0.2817
  -0.800   0.2779   0.00755   0.00246  -0.1445   0.4394   0.2819
  -0.750   0.2841   0.00755   0.00246  -0.1446   0.4389   0.2820
  -0.700   0.2903   0.00755   0.00246  -0.1448   0.4383   0.2821
  -0.650   0.2966   0.00755   0.00246  -0.1449   0.4376   0.2822
  -0.600   0.3027   0.00755   0.00246  -0.1450   0.4371   0.2824
  -0.550   0.3088   0.00755   0.00246  -0.1451   0.4365   0.2825
  -0.500   0.3150   0.00755   0.00245  -0.1452   0.4359   0.2826
  -0.450   0.3210   0.00755   0.00245  -0.1453   0.4352   0.2827
  -0.400   0.3272   0.00755   0.00245  -0.1454   0.4346   0.2828
  -0.300   0.3394   0.00756   0.00246  -0.1456   0.4334   0.2830
  -0.250   0.3454   0.00756   0.00246  -0.1457   0.4326   0.2832
  -0.200   0.3515   0.00757   0.00246  -0.1458   0.4319   0.2833
  -0.150   0.3576   0.00757   0.00246  -0.1459   0.4313   0.2834
  -0.100   0.3638   0.00757   0.00246  -0.1460   0.4309   0.2835
  -0.050   0.3699   0.00757   0.00246  -0.1461   0.4306   0.2835
   0.000   0.3761   0.00757   0.00246  -0.1462   0.4301   0.2837
   0.050   0.3823   0.00757   0.00246  -0.1464   0.4297   0.2838
   0.150   0.3946   0.00757   0.00246  -0.1466   0.4289   0.2839
   0.200   0.4007   0.00757   0.00246  -0.1467   0.4283   0.2840
   0.250   0.4068   0.00757   0.00246  -0.1468   0.4278   0.2841
   0.300   0.4130   0.00757   0.00246  -0.1469   0.4273   0.2842
   0.350   0.4189   0.00757   0.00246  -0.1469   0.4268   0.2843
   0.400   0.4252   0.00758   0.00247  -0.1471   0.4263   0.2844
   0.450   0.4312   0.00758   0.00247  -0.1472   0.4257   0.2845
   0.500   0.4374   0.00758   0.00247  -0.1473   0.4253   0.2845
   0.550   0.4434   0.00759   0.00247  -0.1473   0.4248   0.2846
   0.600   0.4494   0.00760   0.00248  -0.1474   0.4241   0.2847
   0.650   0.4555   0.00760   0.00248  -0.1475   0.4236   0.2848
   0.750   0.4675   0.00761   0.00249  -0.1477   0.4224   0.2849
   0.800   0.4736   0.00762   0.00249  -0.1477   0.4218   0.2850
   0.850   0.4796   0.00763   0.00250  -0.1478   0.4213   0.2850
   0.900   0.4857   0.00763   0.00250  -0.1479   0.4210   0.2851
   1.000   0.4981   0.00762   0.00250  -0.1481   0.4204   0.2854
   1.050   0.5044   0.00762   0.00249  -0.1483   0.4201   0.2856
   1.100   0.5106   0.00761   0.00249  -0.1484   0.4198   0.2859
   1.150   0.5168   0.00761   0.00249  -0.1485   0.4194   0.2862
   1.200   0.5230   0.00760   0.00249  -0.1486   0.4191   0.2863
   1.250   0.5291   0.00760   0.00249  -0.1487   0.4187   0.2866
   1.300   0.5353   0.00760   0.00249  -0.1488   0.4183   0.2868
   1.350   0.5415   0.00760   0.00249  -0.1489   0.4179   0.2871
   1.400   0.5478   0.00760   0.00249  -0.1491   0.4175   0.2873
   1.450   0.5538   0.00760   0.00250  -0.1492   0.4172   0.2875
   1.500   0.5599   0.00760   0.00250  -0.1492   0.4168   0.2877
   1.550   0.5661   0.00760   0.00250  -0.1493   0.4164   0.2880
   1.600   0.5721   0.00760   0.00250  -0.1494   0.4159   0.2881
   1.650   0.5782   0.00761   0.00251  -0.1495   0.4155   0.2884
   1.700   0.5843   0.00761   0.00251  -0.1496   0.4151   0.2885
   1.750   0.5904   0.00761   0.00251  -0.1497   0.4147   0.2887
   1.850   0.6025   0.00762   0.00252  -0.1499   0.4136   0.2890
   1.900   0.6085   0.00763   0.00253  -0.1499   0.4132   0.2892
   1.950   0.6145   0.00763   0.00254  -0.1500   0.4126   0.2894
   2.000   0.6205   0.00764   0.00254  -0.1501   0.4120   0.2895
   2.050   0.6265   0.00765   0.00255  -0.1501   0.4113   0.2897
   2.100   0.6328   0.00765   0.00255  -0.1503   0.4110   0.2899
   2.150   0.6388   0.00765   0.00255  -0.1503   0.4108   0.2901
   2.200   0.6452   0.00765   0.00256  -0.1505   0.4104   0.2902
   2.250   0.6511   0.00765   0.00256  -0.1505   0.4100   0.2904
   2.300   0.6572   0.00765   0.00257  -0.1506   0.4096   0.2906
   2.350   0.6634   0.00765   0.00257  -0.1507   0.4092   0.2908
   2.400   0.6694   0.00766   0.00257  -0.1508   0.4086   0.2909
   2.450   0.6755   0.00766   0.00258  -0.1509   0.4081   0.2911
   2.550   0.6876   0.00767   0.00259  -0.1510   0.4070   0.2914
   2.600   0.6937   0.00768   0.00260  -0.1511   0.4064   0.2915
   2.650   0.6995   0.00769   0.00260  -0.1511   0.4056   0.2917
   2.750   0.7114   0.00770   0.00262  -0.1512   0.4043   0.2920
   2.800   0.7174   0.00772   0.00263  -0.1513   0.4035   0.2921
   2.850   0.7234   0.00773   0.00264  -0.1514   0.4029   0.2922
   2.900   0.7291   0.00774   0.00265  -0.1514   0.4019   0.2924
   2.950   0.7352   0.00775   0.00265  -0.1514   0.4013   0.2925
   3.000   0.7413   0.00775   0.00266  -0.1515   0.4009   0.2926
   3.050   0.7474   0.00775   0.00266  -0.1516   0.4005   0.2927
   3.100   0.7533   0.00776   0.00267  -0.1516   0.4000   0.2928
   3.150   0.7594   0.00776   0.00268  -0.1517   0.3994   0.2929
   3.200   0.7654   0.00777   0.00268  -0.1518   0.3988   0.2930
   3.250   0.7713   0.00777   0.00269  -0.1518   0.3983   0.2931
   3.350   0.7835   0.00778   0.00270  -0.1520   0.3970   0.2937
   3.500   0.8017   0.00780   0.00272  -0.1522   0.3949   0.2947
   3.550   0.8075   0.00781   0.00273  -0.1522   0.3943   0.2951
   3.600   0.8135   0.00782   0.00274  -0.1523   0.3936   0.2954
   3.650   0.8193   0.00783   0.00275  -0.1523   0.3926   0.2957
   3.700   0.8254   0.00784   0.00276  -0.1524   0.3918   0.2959
   3.750   0.8314   0.00784   0.00276  -0.1525   0.3913   0.2962
   3.800   0.8375   0.00784   0.00277  -0.1526   0.3909   0.2965
   3.850   0.8435   0.00784   0.00277  -0.1526   0.3904   0.2968
   3.900   0.8494   0.00785   0.00278  -0.1526   0.3899   0.2970
   3.950   0.8557   0.00785   0.00279  -0.1528   0.3893   0.2973
   4.000   0.8616   0.00785   0.00280  -0.1528   0.3887   0.2976
   4.050   0.8677   0.00786   0.00280  -0.1529   0.3879   0.2978
   4.100   0.8737   0.00787   0.00281  -0.1529   0.3874   0.2980
   4.150   0.8795   0.00788   0.00282  -0.1530   0.3865   0.2983
   4.250   0.8914   0.00790   0.00284  -0.1531   0.3852   0.2987
   4.300   0.8972   0.00792   0.00285  -0.1531   0.3841   0.2990
   4.350   0.9029   0.00793   0.00287  -0.1531   0.3832   0.2992
   4.400   0.9087   0.00795   0.00288  -0.1531   0.3822   0.2994
   4.450   0.9147   0.00796   0.00289  -0.1532   0.3814   0.2996
   4.500   0.9207   0.00796   0.00290  -0.1532   0.3809   0.2998
   4.550   0.9267   0.00796   0.00291  -0.1533   0.3802   0.3000
   4.600   0.9327   0.00797   0.00292  -0.1533   0.3796   0.3002
   4.750   0.9503   0.00800   0.00295  -0.1534   0.3770   0.3007
   4.800   0.9561   0.00802   0.00296  -0.1534   0.3763   0.3009
   4.850   0.9620   0.00803   0.00297  -0.1534   0.3755   0.3010
   4.900   0.9677   0.00805   0.00299  -0.1534   0.3746   0.3012
   5.050   0.9852   0.00809   0.00302  -0.1535   0.3719   0.3023
   5.100   0.9912   0.00809   0.00303  -0.1536   0.3712   0.3026
   5.150   0.9972   0.00810   0.00304  -0.1536   0.3705   0.3031
   5.200   1.0031   0.00810   0.00305  -0.1537   0.3695   0.3035
   5.250   1.0089   0.00811   0.00306  -0.1537   0.3685   0.3039
   5.300   1.0148   0.00812   0.00308  -0.1537   0.3674   0.3042
   5.350   1.0206   0.00814   0.00309  -0.1537   0.3664   0.3047
   5.400   1.0264   0.00815   0.00310  -0.1538   0.3653   0.3049
   5.450   1.0320   0.00817   0.00312  -0.1537   0.3641   0.3053
   5.500   1.0377   0.00820   0.00314  -0.1537   0.3627   0.3056
   5.550   1.0435   0.00820   0.00315  -0.1537   0.3617   0.3060
   5.600   1.0494   0.00822   0.00316  -0.1538   0.3600   0.3063
   5.650   1.0550   0.00823   0.00318  -0.1538   0.3588   0.3066
   5.700   1.0608   0.00825   0.00319  -0.1538   0.3570   0.3069
   5.800   1.0716   0.00831   0.00324  -0.1537   0.3531   0.3076
   5.850   1.0775   0.00833   0.00325  -0.1537   0.3520   0.3079
   5.900   1.0830   0.00835   0.00327  -0.1537   0.3497   0.3082
   5.950   1.0884   0.00837   0.00329  -0.1536   0.3476   0.3084
   6.000   1.0937   0.00841   0.00331  -0.1535   0.3455   0.3087
   6.050   1.0989   0.00844   0.00333  -0.1534   0.3427   0.3089
   6.100   1.1045   0.00846   0.00335  -0.1534   0.3416   0.3092
   6.150   1.1094   0.00851   0.00338  -0.1532   0.3373   0.3095
   6.300   1.1248   0.00863   0.00347  -0.1529   0.3272   0.3110
   6.350   1.1298   0.00867   0.00349  -0.1528   0.3245   0.3114
   6.400   1.1340   0.00875   0.00354  -0.1526   0.3176   0.3120
   6.450   1.1380   0.00885   0.00360  -0.1522   0.3099   0.3123
   6.550   1.1458   0.00904   0.00372  -0.1516   0.2961   0.3132
   6.600   1.1487   0.00918   0.00381  -0.1511   0.2859   0.3136
   6.650   1.1517   0.00932   0.00390  -0.1507   0.2759   0.3140
   6.700   1.1547   0.00945   0.00398  -0.1502   0.2671   0.3144
   6.750   1.1587   0.00954   0.00404  -0.1499   0.2625   0.3147
   6.800   1.1609   0.00970   0.00414  -0.1493   0.2518   0.3152
   6.850   1.1656   0.00974   0.00418  -0.1491   0.2491   0.3156
   6.900   1.1691   0.00987   0.00426  -0.1487   0.2414   0.3159
   6.950   1.1724   0.00999   0.00434  -0.1483   0.2345   0.3163
   7.000   1.1760   0.01008   0.00441  -0.1480   0.2286   0.3166
   7.050   1.1794   0.01019   0.00448  -0.1476   0.2218   0.3169
   7.100   1.1832   0.01028   0.00455  -0.1472   0.2171   0.3172
   7.150   1.1864   0.01041   0.00464  -0.1468   0.2096   0.3174
   7.200   1.1906   0.01047   0.00468  -0.1465   0.2067   0.3177
   7.350   1.2022   0.01076   0.00490  -0.1456   0.1912   0.3193
   7.400   1.2065   0.01084   0.00496  -0.1453   0.1871   0.3198
   7.450   1.2097   0.01095   0.00504  -0.1449   0.1814   0.3203
   7.500   1.2144   0.01103   0.00510  -0.1447   0.1777   0.3208
   7.550   1.2181   0.01113   0.00518  -0.1444   0.1735   0.3213
   7.600   1.2222   0.01120   0.00524  -0.1441   0.1695   0.3218
   7.650   1.2261   0.01130   0.00531  -0.1438   0.1654   0.3223
   7.700   1.2299   0.01138   0.00538  -0.1435   0.1614   0.3227
   7.750   1.2340   0.01147   0.00545  -0.1432   0.1583   0.3232
   7.850   1.2412   0.01168   0.00561  -0.1425   0.1492   0.3241
   7.900   1.2457   0.01174   0.00566  -0.1423   0.1470   0.3246
   7.950   1.2489   0.01186   0.00575  -0.1419   0.1423   0.3249
   8.000   1.2530   0.01193   0.00581  -0.1416   0.1392   0.3253
   8.050   1.2570   0.01202   0.00588  -0.1413   0.1360   0.3256
   8.100   1.2606   0.01212   0.00596  -0.1410   0.1325   0.3260
   8.150   1.2646   0.01220   0.00603  -0.1407   0.1294   0.3263
   8.250   1.2723   0.01236   0.00617  -0.1401   0.1239   0.3272
   8.350   1.2799   0.01254   0.00632  -0.1394   0.1179   0.3285
   8.400   1.2842   0.01262   0.00639  -0.1392   0.1155   0.3292
   8.450   1.2876   0.01272   0.00647  -0.1388   0.1124   0.3297
   8.500   1.2909   0.01282   0.00656  -0.1384   0.1088   0.3302
   8.550   1.2950   0.01290   0.00662  -0.1381   0.1070   0.3308
   8.600   1.2993   0.01297   0.00669  -0.1379   0.1056   0.3312
   8.650   1.3026   0.01306   0.00677  -0.1375   0.1023   0.3317
   8.700   1.3063   0.01317   0.00685  -0.1372   0.0999   0.3322
   8.750   1.3104   0.01324   0.00692  -0.1369   0.0976   0.3326
   8.800   1.3140   0.01332   0.00699  -0.1366   0.0958   0.3332
   8.850   1.3175   0.01342   0.00708  -0.1362   0.0937   0.3336
   8.900   1.3212   0.01351   0.00715  -0.1359   0.0913   0.3339
   8.950   1.3245   0.01361   0.00724  -0.1355   0.0890   0.3343
   9.000   1.3285   0.01368   0.00731  -0.1352   0.0880   0.3346
   9.050   1.3320   0.01377   0.00739  -0.1348   0.0855   0.3350
   9.150   1.3393   0.01396   0.00756  -0.1342   0.0813   0.3362
   9.200   1.3435   0.01403   0.00763  -0.1339   0.0802   0.3368
   9.250   1.3466   0.01413   0.00772  -0.1335   0.0783   0.3373
   9.300   1.3504   0.01422   0.00780  -0.1332   0.0768   0.3380
   9.350   1.3539   0.01432   0.00789  -0.1329   0.0745   0.3386
   9.400   1.3571   0.01443   0.00799  -0.1325   0.0727   0.3394
   9.450   1.3608   0.01451   0.00807  -0.1322   0.0713   0.3395
   9.500   1.3649   0.01457   0.00813  -0.1319   0.0706   0.3403
   9.550   1.3681   0.01468   0.00823  -0.1315   0.0689   0.3407
   9.600   1.3718   0.01477   0.00831  -0.1312   0.0678   0.3412
   9.700   1.3791   0.01494   0.00848  -0.1305   0.0652   0.3422
   9.750   1.3822   0.01505   0.00858  -0.1301   0.0637   0.3426
   9.900   1.3922   0.01535   0.00886  -0.1290   0.0598   0.3436
   9.950   1.3959   0.01544   0.00895  -0.1287   0.0588   0.3443
  10.050   1.4032   0.01563   0.00913  -0.1281   0.0566   0.3455
  10.100   1.4064   0.01574   0.00923  -0.1277   0.0554   0.3461
  10.150   1.4095   0.01584   0.00933  -0.1273   0.0541   0.3467
  10.200   1.4135   0.01591   0.00941  -0.1271   0.0537   0.3473
  10.250   1.4164   0.01603   0.00952  -0.1266   0.0524   0.3479
  10.300   1.4200   0.01613   0.00962  -0.1263   0.0517   0.3483
  10.350   1.4237   0.01622   0.00971  -0.1260   0.0510   0.3489
  10.400   1.4273   0.01632   0.00980  -0.1257   0.0501   0.3494
  10.450   1.4300   0.01645   0.00993  -0.1253   0.0487   0.3499
  10.500   1.4337   0.01654   0.01002  -0.1250   0.0482   0.3504
  10.550   1.4371   0.01664   0.01012  -0.1246   0.0473   0.3508
  10.600   1.4396   0.01677   0.01025  -0.1242   0.0460   0.3512
  10.650   1.4431   0.01688   0.01035  -0.1238   0.0455   0.3516
  10.700   1.4462   0.01699   0.01046  -0.1235   0.0445   0.3519
  10.750   1.4494   0.01710   0.01056  -0.1231   0.0438   0.3523
  10.800   1.4526   0.01721   0.01067  -0.1227   0.0431   0.3526
  10.900   1.4587   0.01745   0.01091  -0.1220   0.0416   0.3536
  11.000   1.4649   0.01769   0.01115  -0.1213   0.0400   0.3547
  11.050   1.4676   0.01782   0.01128  -0.1209   0.0393   0.3554
  11.100   1.4711   0.01793   0.01139  -0.1205   0.0387   0.3558
  11.150   1.4747   0.01804   0.01150  -0.1203   0.0382   0.3564
  11.200   1.4773   0.01818   0.01164  -0.1198   0.0373   0.3570
  11.300   1.4830   0.01845   0.01191  -0.1191   0.0360   0.3579
  11.350   1.4862   0.01856   0.01202  -0.1187   0.0356   0.3584
  11.400   1.4894   0.01868   0.01215  -0.1184   0.0352   0.3589
  11.450   1.4913   0.01887   0.01232  -0.1179   0.0341   0.3593
  11.500   1.4948   0.01896   0.01242  -0.1176   0.0342   0.3598
  11.600   1.5004   0.01924   0.01270  -0.1168   0.0328   0.3605
  11.700   1.5056   0.01955   0.01301  -0.1161   0.0317   0.3612
  11.750   1.5089   0.01968   0.01314  -0.1157   0.0314   0.3616
  11.950   1.5192   0.02031   0.01377  -0.1142   0.0292   0.3637
  12.000   1.5221   0.02045   0.01392  -0.1139   0.0289   0.3643
  12.050   1.5252   0.02060   0.01407  -0.1136   0.0285   0.3649
  12.100   1.5275   0.02076   0.01423  -0.1132   0.0281   0.3652
  12.150   1.5300   0.02093   0.01441  -0.1128   0.0276   0.3658
  12.200   1.5325   0.02110   0.01458  -0.1124   0.0273   0.3663
  12.250   1.5353   0.02127   0.01475  -0.1121   0.0269   0.3671
  12.300   1.5374   0.02144   0.01493  -0.1117   0.0264   0.3673
  12.350   1.5403   0.02160   0.01509  -0.1113   0.0262   0.3680
  12.400   1.5423   0.02180   0.01529  -0.1109   0.0256   0.3686
  12.450   1.5452   0.02197   0.01546  -0.1106   0.0255   0.3688
  12.500   1.5472   0.02217   0.01566  -0.1102   0.0250   0.3692
  12.550   1.5497   0.02234   0.01583  -0.1099   0.0247   0.3696
  12.600   1.5520   0.02253   0.01603  -0.1095   0.0242   0.3700
  12.650   1.5547   0.02271   0.01621  -0.1092   0.0240   0.3705
  12.700   1.5567   0.02291   0.01641  -0.1088   0.0238   0.3708
  12.750   1.5593   0.02309   0.01660  -0.1085   0.0237   0.3711
  12.850   1.5635   0.02351   0.01702  -0.1077   0.0229   0.3722
  12.900   1.5659   0.02371   0.01723  -0.1074   0.0226   0.3730
  12.950   1.5684   0.02390   0.01743  -0.1071   0.0224   0.3734
  13.050   1.5723   0.02437   0.01790  -0.1064   0.0218   0.3749
  13.150   1.5765   0.02483   0.01837  -0.1057   0.0210   0.3759
  13.200   1.5793   0.02502   0.01857  -0.1055   0.0211   0.3764
  13.250   1.5815   0.02525   0.01880  -0.1051   0.0208   0.3769
  13.300   1.5835   0.02547   0.01903  -0.1048   0.0206   0.3774
  13.350   1.5856   0.02571   0.01928  -0.1045   0.0204   0.3778
  13.400   1.5875   0.02596   0.01953  -0.1042   0.0202   0.3783
  13.450   1.5887   0.02626   0.01983  -0.1038   0.0198   0.3787
  13.500   1.5910   0.02647   0.02004  -0.1035   0.0198   0.3791
  13.550   1.5931   0.02672   0.02029  -0.1032   0.0196   0.3796
  13.600   1.5952   0.02696   0.02054  -0.1029   0.0193   0.3799
  13.650   1.5972   0.02722   0.02081  -0.1026   0.0191   0.3802
  13.700   1.5993   0.02747   0.02106  -0.1023   0.0191   0.3805
  13.900   1.6061   0.02860   0.02222  -0.1011   0.0183   0.3830
  13.950   1.6081   0.02890   0.02253  -0.1009   0.0179   0.3836
  14.000   1.6101   0.02917   0.02280  -0.1006   0.0179   0.3842
  14.100   1.6137   0.02975   0.02340  -0.1001   0.0175   0.3853
  14.150   1.6157   0.03005   0.02370  -0.0999   0.0174   0.3859
  14.200   1.6170   0.03040   0.02406  -0.0996   0.0171   0.3863
  14.250   1.6186   0.03072   0.02438  -0.0994   0.0169   0.3869
  14.350   1.6215   0.03138   0.02505  -0.0989   0.0167   0.3879
  14.400   1.6231   0.03169   0.02538  -0.0986   0.0165   0.3883
  14.450   1.6251   0.03199   0.02568  -0.0984   0.0165   0.3888
  14.500   1.6264   0.03234   0.02604  -0.0982   0.0162   0.3892
  14.550   1.6284   0.03265   0.02635  -0.0980   0.0162   0.3895
  14.600   1.6301   0.03299   0.02670  -0.0978   0.0161   0.3899
  14.700   1.6325   0.03373   0.02745  -0.0973   0.0157   0.3911
  14.750   1.6337   0.03409   0.02782  -0.0971   0.0156   0.3918
  14.800   1.6348   0.03452   0.02825  -0.0969   0.0153   0.3927
  14.850   1.6361   0.03490   0.02864  -0.0967   0.0152   0.3931
  14.950   1.6392   0.03562   0.02938  -0.0963   0.0150   0.3944
  15.000   1.6406   0.03598   0.02975  -0.0961   0.0149   0.3949
  15.050   1.6421   0.03635   0.03013  -0.0959   0.0148   0.3955
  15.100   1.6434   0.03675   0.03054  -0.0958   0.0147   0.3961
  15.150   1.6447   0.03715   0.03095  -0.0956   0.0145   0.3968
  15.200   1.6455   0.03759   0.03139  -0.0954   0.0143   0.3971
  15.250   1.6468   0.03797   0.03178  -0.0952   0.0143   0.3980
  15.300   1.6480   0.03840   0.03222  -0.0951   0.0142   0.3983
  15.350   1.6484   0.03888   0.03270  -0.0949   0.0140   0.3987
  15.550   1.6529   0.04060   0.03446  -0.0943   0.0137   0.4011
  15.600   1.6542   0.04103   0.03490  -0.0942   0.0135   0.4019
  15.700   1.6562   0.04194   0.03583  -0.0940   0.0133   0.4033
  15.750   1.6571   0.04239   0.03629  -0.0939   0.0132   0.4037
  15.800   1.6579   0.04288   0.03679  -0.0937   0.0131   0.4046
  15.850   1.6589   0.04337   0.03728  -0.0937   0.0130   0.4051
  15.900   1.6599   0.04383   0.03775  -0.0936   0.0129   0.4058
  15.950   1.6606   0.04435   0.03828  -0.0935   0.0128   0.4065
  16.000   1.6612   0.04484   0.03878  -0.0933   0.0127   0.4070
  16.050   1.6618   0.04535   0.03930  -0.0933   0.0127   0.4075
  16.100   1.6627   0.04587   0.03983  -0.0932   0.0126   0.4081
  16.150   1.6633   0.04638   0.04034  -0.0931   0.0125   0.4085
  16.200   1.6642   0.04687   0.04084  -0.0930   0.0124   0.4090
  16.300   1.6658   0.04786   0.04186  -0.0929   0.0123   0.4102
  16.400   1.6672   0.04890   0.04292  -0.0927   0.0121   0.4116
  16.450   1.6679   0.04941   0.04344  -0.0927   0.0121   0.4123
  16.500   1.6686   0.04994   0.04398  -0.0926   0.0120   0.4131
  16.550   1.6687   0.05050   0.04455  -0.0925   0.0119   0.4136
  16.650   1.6699   0.05159   0.04566  -0.0924   0.0117   0.4150
  16.800   1.6707   0.05331   0.04741  -0.0923   0.0115   0.4168
  16.850   1.6710   0.05389   0.04800  -0.0922   0.0115   0.4173
  16.900   1.6712   0.05450   0.04861  -0.0922   0.0114   0.4179
  16.950   1.6712   0.05507   0.04920  -0.0921   0.0113   0.4184
  17.000   1.6715   0.05565   0.04979  -0.0921   0.0113   0.4188
  17.100   1.6727   0.05678   0.05094  -0.0921   0.0111   0.4201
  17.150   1.6736   0.05733   0.05150  -0.0921   0.0111   0.4209
  17.200   1.6737   0.05795   0.05213  -0.0921   0.0110   0.4216
  17.250   1.6741   0.05853   0.05273  -0.0921   0.0110   0.4223
  17.300   1.6745   0.05909   0.05329  -0.0921   0.0109   0.4232
  17.350   1.6751   0.05970   0.05391  -0.0921   0.0109   0.4241
  17.400   1.6752   0.06031   0.05454  -0.0921   0.0108   0.4248
  17.450   1.6755   0.06091   0.05515  -0.0921   0.0108   0.4255
  17.500   1.6760   0.06150   0.05575  -0.0921   0.0107   0.4260
  17.550   1.6759   0.06216   0.05642  -0.0921   0.0106   0.4267
  17.650   1.6763   0.06341   0.05769  -0.0922   0.0105   0.4278
  17.700   1.6767   0.06401   0.05829  -0.0922   0.0105   0.4286
  17.900   1.6767   0.06662   0.06096  -0.0923   0.0103   0.4315
  17.950   1.6766   0.06730   0.06165  -0.0924   0.0102   0.4325
  18.000   1.6765   0.06797   0.06233  -0.0925   0.0102   0.4331
  18.050   1.6769   0.06859   0.06296  -0.0925   0.0101   0.4340
  18.100   1.6772   0.06923   0.06361  -0.0926   0.0101   0.4346
  18.150   1.6773   0.06987   0.06426  -0.0926   0.0100   0.4355
  18.200   1.6777   0.07051   0.06491  -0.0927   0.0100   0.4363
  18.250   1.6781   0.07111   0.06552  -0.0927   0.0100   0.4370
  18.300   1.6786   0.07173   0.06616  -0.0928   0.0099   0.4377
  18.350   1.6785   0.07241   0.06684  -0.0928   0.0099   0.4383
  18.400   1.6787   0.07305   0.06750  -0.0929   0.0098   0.4389
  18.550   1.6795   0.07500   0.06948  -0.0931   0.0097   0.4413
  18.600   1.6796   0.07568   0.07017  -0.0932   0.0097   0.4422
  18.650   1.6797   0.07634   0.07084  -0.0933   0.0096   0.4430
  18.700   1.6799   0.07699   0.07150  -0.0934   0.0096   0.4438
  18.750   1.6802   0.07763   0.07216  -0.0935   0.0095   0.4446
  18.800   1.6800   0.07835   0.07288  -0.0936   0.0095   0.4453
  18.850   1.6799   0.07904   0.07359  -0.0937   0.0095   0.4461
  18.900   1.6802   0.07970   0.07425  -0.0938   0.0094   0.4469
  18.950   1.6804   0.08035   0.07491  -0.0939   0.0094   0.4476
  19.000   1.6803   0.08106   0.07563  -0.0940   0.0093   0.4482
  19.050   1.6801   0.08178   0.07636  -0.0941   0.0093   0.4488
  19.150   1.6800   0.08316   0.07776  -0.0943   0.0092   0.4504
  19.200   1.6804   0.08381   0.07843  -0.0944   0.0092   0.4513
  19.250   1.6801   0.08455   0.07918  -0.0946   0.0091   0.4522
  19.350   1.6800   0.08599   0.08064  -0.0949   0.0091   0.4541
  19.500   1.6808   0.08795   0.08264  -0.0952   0.0090   0.4568
  19.550   1.6809   0.08864   0.08334  -0.0953   0.0089   0.4574
  19.600   1.6812   0.08931   0.08402  -0.0955   0.0089   0.4583
  19.650   1.6815   0.08996   0.08468  -0.0956   0.0089   0.4589
  19.750   1.6824   0.09123   0.08597  -0.0958   0.0088   0.4609
  19.800   1.6825   0.09192   0.08668  -0.0960   0.0088   0.4621
  19.850   1.6824   0.09263   0.08740  -0.0961   0.0088   0.4631
  19.900   1.6829   0.09331   0.08809  -0.0963   0.0087   0.4641
  19.950   1.6833   0.09396   0.08875  -0.0965   0.0087   0.4651
  20.000   1.6837   0.09459   0.08939  -0.0966   0.0087   0.4661
