  -4.850  -0.3554   0.00920   0.00387  -0.0298   0.6715   0.0057
  -4.800  -0.3497   0.00918   0.00386  -0.0299   0.6714   0.0059
  -4.750  -0.3450   0.00909   0.00375  -0.0299   0.6713   0.0059
  -4.700  -0.3395   0.00908   0.00375  -0.0300   0.6712   0.0059
  -4.650  -0.3340   0.00905   0.00372  -0.0301   0.6710   0.0060
  -4.600  -0.3291   0.00897   0.00363  -0.0301   0.6709   0.0059
  -4.550  -0.3239   0.00890   0.00355  -0.0301   0.6708   0.0059
  -4.500  -0.3180   0.00892   0.00359  -0.0303   0.6707   0.0060
  -4.450  -0.3128   0.00887   0.00353  -0.0303   0.6706   0.0061
  -4.400  -0.3079   0.00879   0.00344  -0.0303   0.6705   0.0060
  -4.350  -0.3018   0.00880   0.00347  -0.0305   0.6704   0.0061
  -4.300  -0.2978   0.00865   0.00328  -0.0303   0.6703   0.0063
  -4.250  -0.2928   0.00855   0.00317  -0.0303   0.6702   0.0065
  -4.200  -0.2874   0.00853   0.00315  -0.0304   0.6701   0.0066
  -4.150  -0.2819   0.00849   0.00312  -0.0305   0.6700   0.0067
  -4.100  -0.2766   0.00845   0.00306  -0.0305   0.6699   0.0066
  -4.050  -0.2711   0.00841   0.00303  -0.0306   0.6697   0.0067
  -4.000  -0.2655   0.00838   0.00300  -0.0307   0.6696   0.0069
  -3.950  -0.2601   0.00835   0.00297  -0.0308   0.6695   0.0069
  -3.900  -0.2545   0.00830   0.00293  -0.0309   0.6694   0.0070
  -3.850  -0.2490   0.00827   0.00290  -0.0310   0.6693   0.0072
  -3.800  -0.2435   0.00824   0.00287  -0.0311   0.6692   0.0073
  -3.750  -0.2378   0.00821   0.00284  -0.0312   0.6691   0.0074
  -3.700  -0.2324   0.00817   0.00280  -0.0313   0.6690   0.0074
  -3.650  -0.2268   0.00814   0.00277  -0.0314   0.6689   0.0076
  -3.600  -0.2213   0.00810   0.00272  -0.0314   0.6688   0.0075
  -3.550  -0.2157   0.00808   0.00270  -0.0315   0.6687   0.0077
  -3.500  -0.2101   0.00805   0.00266  -0.0316   0.6686   0.0077
  -3.450  -0.2045   0.00802   0.00263  -0.0317   0.6685   0.0077
  -3.400  -0.1988   0.00800   0.00262  -0.0319   0.6684   0.0079
  -3.350  -0.1932   0.00797   0.00259  -0.0319   0.6683   0.0079
  -3.300  -0.1878   0.00792   0.00253  -0.0320   0.6681   0.0084
  -3.250  -0.1823   0.00788   0.00249  -0.0321   0.6680   0.0086
  -3.150  -0.1710   0.00783   0.00244  -0.0323   0.6678   0.0088
  -3.100  -0.1655   0.00780   0.00242  -0.0324   0.6677   0.0092
  -3.050  -0.1598   0.00777   0.00239  -0.0325   0.6676   0.0095
  -3.000  -0.1542   0.00775   0.00237  -0.0326   0.6675   0.0099
  -2.950  -0.1485   0.00773   0.00235  -0.0327   0.6674   0.0099
  -2.900  -0.1428   0.00771   0.00232  -0.0328   0.6673   0.0101
  -2.850  -0.1372   0.00768   0.00230  -0.0329   0.6672   0.0104
  -2.800  -0.1316   0.00764   0.00227  -0.0330   0.6670   0.0116
  -2.750  -0.1260   0.00762   0.00225  -0.0331   0.6669   0.0120
  -2.700  -0.1203   0.00760   0.00223  -0.0332   0.6668   0.0126
  -2.650  -0.1146   0.00758   0.00221  -0.0334   0.6667   0.0130
  -2.600  -0.1090   0.00755   0.00219  -0.0334   0.6666   0.0148
  -2.550  -0.1033   0.00753   0.00217  -0.0336   0.6665   0.0152
  -2.500  -0.0976   0.00751   0.00216  -0.0337   0.6664   0.0161
  -2.450  -0.0919   0.00749   0.00214  -0.0338   0.6663   0.0168
  -2.400  -0.0863   0.00747   0.00212  -0.0339   0.6661   0.0180
  -2.350  -0.0806   0.00745   0.00210  -0.0340   0.6660   0.0191
  -2.300  -0.0749   0.00743   0.00209  -0.0341   0.6659   0.0198
  -2.200  -0.0634   0.00740   0.00206  -0.0344   0.6656   0.0207
  -2.150  -0.0577   0.00738   0.00204  -0.0345   0.6655   0.0216
  -2.100  -0.0520   0.00736   0.00202  -0.0346   0.6654   0.0234
  -2.050  -0.0463   0.00733   0.00201  -0.0347   0.6653   0.0242
  -2.000  -0.0405   0.00731   0.00199  -0.0348   0.6653   0.0256
  -1.900  -0.0291   0.00725   0.00195  -0.0351   0.6651   0.0312
  -1.850  -0.0257   0.00691   0.00184  -0.0350   0.6650   0.1272
  -1.800  -0.0303   0.00533   0.00120  -0.0343   0.6649   0.4246
  -1.750  -0.0279   0.00472   0.00095  -0.0342   0.6648   0.5216
  -1.700  -0.0226   0.00461   0.00091  -0.0343   0.6647   0.5419
  -1.650  -0.0170   0.00453   0.00089  -0.0345   0.6646   0.5599
  -1.600  -0.0112   0.00450   0.00088  -0.0346   0.6645   0.5656
  -1.550  -0.0053   0.00448   0.00087  -0.0347   0.6644   0.5713
  -1.500   0.0006   0.00447   0.00087  -0.0349   0.6643   0.5750
  -1.450   0.0065   0.00446   0.00087  -0.0350   0.6642   0.5778
  -1.400   0.0125   0.00446   0.00087  -0.0352   0.6641   0.5800
  -1.350   0.0184   0.00444   0.00087  -0.0353   0.6640   0.5841
  -1.300   0.0244   0.00444   0.00087  -0.0355   0.6639   0.5854
  -1.250   0.0304   0.00444   0.00087  -0.0356   0.6638   0.5878
  -1.200   0.0364   0.00444   0.00087  -0.0358   0.6637   0.5892
  -1.150   0.0423   0.00443   0.00087  -0.0359   0.6636   0.5910
  -1.100   0.0483   0.00443   0.00087  -0.0361   0.6635   0.5923
  -1.050   0.0543   0.00443   0.00087  -0.0363   0.6634   0.5927
  -1.000   0.0603   0.00444   0.00087  -0.0364   0.6633   0.5948
  -0.950   0.0663   0.00444   0.00087  -0.0366   0.6632   0.5946
  -0.900   0.0723   0.00444   0.00087  -0.0367   0.6631   0.5970
  -0.850   0.0783   0.00443   0.00087  -0.0369   0.6630   0.5976
  -0.800   0.0842   0.00443   0.00088  -0.0370   0.6629   0.5984
  -0.750   0.0902   0.00443   0.00088  -0.0372   0.6628   0.5990
  -0.700   0.0962   0.00444   0.00088  -0.0373   0.6627   0.6002
  -0.650   0.1022   0.00444   0.00088  -0.0375   0.6626   0.6003
  -0.600   0.1082   0.00444   0.00088  -0.0376   0.6625   0.6006
  -0.550   0.1143   0.00445   0.00088  -0.0378   0.6624   0.6017
  -0.500   0.1203   0.00445   0.00088  -0.0380   0.6623   0.6019
  -0.450   0.1263   0.00445   0.00088  -0.0381   0.6622   0.6024
  -0.400   0.1323   0.00446   0.00088  -0.0383   0.6621   0.6027
  -0.300   0.1442   0.00445   0.00088  -0.0386   0.6618   0.6034
  -0.250   0.1502   0.00445   0.00088  -0.0387   0.6617   0.6038
  -0.200   0.1562   0.00445   0.00088  -0.0389   0.6616   0.6042
  -0.150   0.1621   0.00445   0.00088  -0.0391   0.6615   0.6045
  -0.100   0.1681   0.00445   0.00088  -0.0392   0.6613   0.6051
  -0.050   0.1741   0.00445   0.00089  -0.0394   0.6612   0.6060
   0.000   0.1801   0.00445   0.00089  -0.0395   0.6610   0.6063
   0.050   0.1861   0.00445   0.00089  -0.0397   0.6608   0.6074
   0.150   0.1981   0.00446   0.00089  -0.0400   0.6604   0.6081
   0.200   0.2041   0.00446   0.00089  -0.0401   0.6602   0.6084
   0.250   0.2101   0.00446   0.00089  -0.0403   0.6599   0.6087
   0.300   0.2160   0.00446   0.00089  -0.0404   0.6596   0.6088
   0.350   0.2220   0.00446   0.00089  -0.0406   0.6593   0.6090
   0.400   0.2279   0.00447   0.00089  -0.0407   0.6589   0.6091
   0.450   0.2338   0.00448   0.00089  -0.0409   0.6584   0.6093
   0.500   0.2398   0.00449   0.00090  -0.0410   0.6580   0.6095
   0.550   0.2458   0.00448   0.00089  -0.0412   0.6576   0.6096
   0.600   0.2519   0.00447   0.00089  -0.0414   0.6572   0.6098
   0.650   0.2579   0.00447   0.00088  -0.0415   0.6567   0.6099
   0.750   0.2699   0.00445   0.00087  -0.0418   0.6557   0.6103
   0.800   0.2759   0.00444   0.00087  -0.0420   0.6551   0.6105
   0.850   0.2818   0.00443   0.00086  -0.0421   0.6546   0.6108
   0.900   0.2878   0.00443   0.00086  -0.0423   0.6541   0.6110
   1.000   0.2998   0.00442   0.00085  -0.0426   0.6530   0.6114
   1.050   0.3058   0.00442   0.00085  -0.0427   0.6526   0.6116
   1.100   0.3117   0.00442   0.00085  -0.0429   0.6520   0.6118
   1.150   0.3176   0.00442   0.00085  -0.0430   0.6514   0.6120
   1.200   0.3234   0.00443   0.00085  -0.0432   0.6508   0.6122
   1.250   0.3294   0.00442   0.00085  -0.0433   0.6504   0.6124
   1.300   0.3355   0.00442   0.00085  -0.0435   0.6499   0.6126
   1.350   0.3415   0.00441   0.00085  -0.0436   0.6495   0.6127
   1.400   0.3475   0.00441   0.00085  -0.0438   0.6489   0.6129
   1.450   0.3535   0.00440   0.00085  -0.0440   0.6485   0.6131
   1.500   0.3595   0.00440   0.00085  -0.0441   0.6479   0.6133
   1.550   0.3655   0.00439   0.00085  -0.0443   0.6472   0.6135
   1.600   0.3715   0.00439   0.00085  -0.0444   0.6466   0.6137
   1.650   0.3775   0.00439   0.00085  -0.0446   0.6462   0.6139
   1.700   0.3834   0.00439   0.00085  -0.0447   0.6455   0.6140
   1.750   0.3894   0.00439   0.00085  -0.0449   0.6450   0.6142
   1.850   0.4012   0.00440   0.00085  -0.0452   0.6439   0.6146
   1.900   0.4071   0.00441   0.00085  -0.0453   0.6432   0.6148
   1.950   0.4131   0.00440   0.00086  -0.0455   0.6426   0.6150
   2.000   0.4191   0.00440   0.00086  -0.0456   0.6422   0.6151
   2.050   0.4251   0.00440   0.00086  -0.0458   0.6416   0.6153
   2.100   0.4312   0.00439   0.00086  -0.0460   0.6408   0.6155
   2.150   0.4372   0.00439   0.00086  -0.0461   0.6403   0.6157
   2.200   0.4431   0.00439   0.00086  -0.0463   0.6395   0.6159
   2.250   0.4491   0.00439   0.00087  -0.0464   0.6390   0.6161
   2.300   0.4551   0.00439   0.00087  -0.0466   0.6382   0.6163
   2.350   0.4610   0.00440   0.00087  -0.0467   0.6377   0.6164
   2.400   0.4669   0.00440   0.00087  -0.0469   0.6369   0.6166
   2.450   0.4728   0.00441   0.00088  -0.0470   0.6363   0.6168
   2.550   0.4848   0.00441   0.00089  -0.0473   0.6352   0.6171
   2.600   0.4908   0.00441   0.00089  -0.0475   0.6344   0.6172
   2.650   0.4968   0.00441   0.00089  -0.0476   0.6334   0.6173
   2.750   0.5086   0.00440   0.00089  -0.0479   0.6312   0.6178
   2.800   0.5145   0.00441   0.00089  -0.0481   0.6300   0.6180
   2.850   0.5203   0.00441   0.00090  -0.0482   0.6288   0.6183
   2.900   0.5263   0.00441   0.00090  -0.0483   0.6272   0.6184
   2.950   0.5323   0.00441   0.00090  -0.0485   0.6261   0.6187
   3.000   0.5382   0.00441   0.00091  -0.0486   0.6239   0.6189
   3.050   0.5441   0.00441   0.00091  -0.0488   0.6232   0.6190
   3.100   0.5499   0.00442   0.00092  -0.0489   0.6216   0.6192
   3.150   0.5558   0.00442   0.00092  -0.0490   0.6184   0.6194
   3.200   0.5616   0.00443   0.00092  -0.0492   0.6162   0.6196
   3.250   0.5677   0.00443   0.00093  -0.0493   0.6177   0.6198
   3.350   0.5790   0.00446   0.00094  -0.0495   0.6079   0.6202
   3.500   0.5960   0.00452   0.00097  -0.0498   0.5936   0.6208
   3.550   0.6015   0.00455   0.00099  -0.0499   0.5879   0.6209
   3.600   0.6065   0.00462   0.00101  -0.0499   0.5762   0.6212
   3.650   0.6105   0.00476   0.00107  -0.0497   0.5561   0.6213
   3.700   0.6141   0.00493   0.00115  -0.0494   0.5344   0.6215
   3.750   0.6167   0.00517   0.00126  -0.0490   0.5037   0.6217
   3.800   0.6208   0.00531   0.00133  -0.0488   0.4872   0.6219
   3.850   0.6237   0.00553   0.00144  -0.0485   0.4594   0.6221
   3.900   0.6291   0.00557   0.00146  -0.0485   0.4551   0.6223
   3.950   0.6333   0.00568   0.00152  -0.0484   0.4410   0.6225
   4.000   0.6371   0.00582   0.00159  -0.0482   0.4235   0.6227
   4.050   0.6418   0.00591   0.00164  -0.0481   0.4130   0.6229
   4.100   0.6460   0.00603   0.00170  -0.0479   0.3991   0.6230
   4.150   0.6491   0.00621   0.00179  -0.0476   0.3769   0.6232
   4.250   0.6582   0.00639   0.00189  -0.0474   0.3560   0.6236
   4.300   0.6624   0.00649   0.00194  -0.0473   0.3437   0.6238
   4.350   0.6670   0.00657   0.00199  -0.0472   0.3346   0.6239
   4.400   0.6713   0.00668   0.00204  -0.0471   0.3234   0.6241
   4.450   0.6732   0.00692   0.00216  -0.0466   0.2949   0.6242
   4.500   0.6776   0.00701   0.00222  -0.0464   0.2839   0.6244
   4.550   0.6846   0.00695   0.00220  -0.0468   0.2938   0.6245
   4.600   0.6886   0.00706   0.00226  -0.0466   0.2813   0.6247
   4.750   0.6978   0.00753   0.00251  -0.0456   0.2279   0.6254
   4.800   0.7041   0.00751   0.00251  -0.0458   0.2315   0.6256
   4.850   0.7063   0.00771   0.00261  -0.0453   0.2095   0.6258
   4.900   0.7106   0.00779   0.00267  -0.0452   0.2011   0.6260
   5.050   0.7228   0.00808   0.00284  -0.0447   0.1732   0.6266
   5.100   0.7275   0.00814   0.00288  -0.0446   0.1687   0.6268
   5.150   0.7320   0.00821   0.00293  -0.0445   0.1623   0.6271
   5.200   0.7357   0.00832   0.00300  -0.0443   0.1519   0.6273
   5.250   0.7400   0.00840   0.00305  -0.0441   0.1446   0.6275
   5.300   0.7448   0.00845   0.00309  -0.0441   0.1412   0.6277
   5.350   0.7486   0.00856   0.00316  -0.0439   0.1320   0.6279
   5.400   0.7520   0.00868   0.00323  -0.0436   0.1211   0.6280
   5.450   0.7575   0.00869   0.00325  -0.0436   0.1223   0.6283
   5.500   0.7609   0.00882   0.00333  -0.0434   0.1119   0.6285
   5.550   0.7655   0.00888   0.00337  -0.0433   0.1075   0.6287
   5.600   0.7701   0.00893   0.00341  -0.0432   0.1049   0.6288
   5.650   0.7736   0.00905   0.00349  -0.0429   0.0949   0.6290
   5.700   0.7782   0.00910   0.00353  -0.0428   0.0925   0.6292
   5.800   0.7865   0.00926   0.00364  -0.0425   0.0824   0.6296
   5.850   0.7918   0.00928   0.00367  -0.0425   0.0819   0.6298
   5.900   0.7957   0.00936   0.00372  -0.0423   0.0773   0.6300
   5.950   0.7992   0.00947   0.00380  -0.0421   0.0700   0.6302
   6.000   0.8037   0.00953   0.00384  -0.0419   0.0671   0.6304
   6.050   0.8079   0.00960   0.00390  -0.0418   0.0639   0.6306
   6.100   0.8124   0.00967   0.00395  -0.0417   0.0601   0.6308
   6.150   0.8162   0.00974   0.00401  -0.0415   0.0568   0.6309
   6.300   0.8295   0.00992   0.00415  -0.0411   0.0501   0.6315
   6.350   0.8335   0.01000   0.00421  -0.0409   0.0464   0.6316
   6.400   0.8378   0.01006   0.00426  -0.0408   0.0441   0.6318
   6.450   0.8424   0.01011   0.00431  -0.0407   0.0425   0.6319
   6.550   0.8502   0.01026   0.00443  -0.0403   0.0369   0.6324
   6.600   0.8556   0.01027   0.00445  -0.0404   0.0384   0.6326
   6.650   0.8586   0.01038   0.00453  -0.0400   0.0335   0.6329
   6.700   0.8631   0.01043   0.00458  -0.0399   0.0323   0.6332
   6.750   0.8669   0.01049   0.00464  -0.0397   0.0306   0.6334
   6.800   0.8712   0.01054   0.00469  -0.0395   0.0296   0.6336
   6.850   0.8749   0.01062   0.00475  -0.0393   0.0270   0.6339
   6.900   0.8798   0.01066   0.00479  -0.0393   0.0269   0.6341
   6.950   0.8835   0.01072   0.00485  -0.0390   0.0259   0.6343
   7.000   0.8880   0.01076   0.00489  -0.0389   0.0253   0.6345
   7.050   0.8912   0.01083   0.00495  -0.0386   0.0239   0.6347
   7.100   0.8949   0.01088   0.00500  -0.0383   0.0227   0.6349
   7.150   0.8981   0.01092   0.00504  -0.0379   0.0222   0.6351
   7.200   0.9017   0.01098   0.00509  -0.0377   0.0212   0.6354
   7.350   0.9117   0.01113   0.00524  -0.0367   0.0199   0.6360
   7.400   0.9159   0.01116   0.00528  -0.0365   0.0202   0.6362
   7.450   0.9187   0.01125   0.00536  -0.0361   0.0184   0.6364
   7.500   0.9223   0.01131   0.00542  -0.0358   0.0179   0.6366
   7.550   0.9256   0.01140   0.00549  -0.0355   0.0165   0.6368
   7.600   0.9282   0.01147   0.00557  -0.0351   0.0157   0.6370
   7.650   0.9251   0.01180   0.00583  -0.0337   0.0066   0.6372
   7.700   0.9354   0.01162   0.00571  -0.0346   0.0141   0.6374
   7.750   0.9383   0.01170   0.00578  -0.0342   0.0132   0.6376
   7.850   0.9454   0.01185   0.00592  -0.0337   0.0119   0.6380
   7.900   0.9470   0.01202   0.00607  -0.0332   0.0086   0.6382
   7.950   0.9448   0.01231   0.00634  -0.0319   0.0037   0.6384
   8.000   0.9487   0.01237   0.00640  -0.0317   0.0040   0.6386
   8.050   0.9523   0.01247   0.00650  -0.0315   0.0035   0.6388
   8.100   0.9557   0.01253   0.00656  -0.0313   0.0037   0.6389
   8.150   0.9606   0.01256   0.00660  -0.0313   0.0041   0.6391
   8.250   0.9662   0.01278   0.00682  -0.0306   0.0033   0.6394
   8.350   0.9733   0.01295   0.00699  -0.0301   0.0032   0.6399
   8.400   0.9777   0.01299   0.00705  -0.0300   0.0033   0.6402
   8.450   0.9789   0.01319   0.00726  -0.0294   0.0027   0.6405
   8.500   0.9842   0.01318   0.00724  -0.0295   0.0031   0.6408
   8.550   0.9884   0.01325   0.00732  -0.0294   0.0031   0.6410
   8.600   0.9897   0.01344   0.00752  -0.0288   0.0027   0.6411
   8.650   0.9937   0.01348   0.00756  -0.0287   0.0029   0.6414
   8.700   0.9969   0.01360   0.00768  -0.0284   0.0028   0.6417
   8.750   1.0005   0.01368   0.00777  -0.0282   0.0027   0.6419
   8.800   1.0041   0.01376   0.00786  -0.0280   0.0027   0.6421
   8.850   1.0074   0.01385   0.00794  -0.0278   0.0026   0.6423
   8.900   1.0114   0.01396   0.00807  -0.0277   0.0025   0.6426
   8.950   1.0150   0.01404   0.00815  -0.0275   0.0026   0.6428
   9.000   1.0183   0.01413   0.00825  -0.0273   0.0025   0.6429
   9.050   1.0215   0.01424   0.00837  -0.0270   0.0026   0.6432
   9.150   1.0282   0.01443   0.00856  -0.0266   0.0026   0.6437
   9.200   1.0323   0.01450   0.00863  -0.0265   0.0026   0.6438
   9.250   1.0358   0.01461   0.00875  -0.0263   0.0025   0.6441
   9.300   1.0393   0.01472   0.00887  -0.0262   0.0025   0.6443
   9.350   1.0419   0.01486   0.00901  -0.0258   0.0025   0.6445
   9.400   1.0459   0.01494   0.00909  -0.0257   0.0024   0.6447
   9.450   1.0499   0.01502   0.00917  -0.0256   0.0023   0.6450
   9.500   1.0534   0.01514   0.00930  -0.0255   0.0025   0.6452
   9.550   1.0556   0.01527   0.00943  -0.0251   0.0024   0.6454
   9.600   1.0585   0.01544   0.00961  -0.0248   0.0022   0.6456
   9.700   1.0663   0.01559   0.00977  -0.0246   0.0023   0.6459
   9.750   1.0689   0.01573   0.00991  -0.0243   0.0023   0.6461
   9.900   1.0786   0.01611   0.01031  -0.0237   0.0022   0.6467
   9.950   1.0813   0.01628   0.01049  -0.0235   0.0020   0.6469
  10.050   1.0874   0.01652   0.01074  -0.0230   0.0021   0.6474
  10.100   1.0924   0.01655   0.01077  -0.0231   0.0022   0.6476
  10.150   1.0950   0.01674   0.01098  -0.0228   0.0021   0.6479
  10.200   1.0977   0.01686   0.01111  -0.0225   0.0022   0.6481
  10.250   1.0998   0.01706   0.01131  -0.0222   0.0020   0.6485
  10.300   1.1055   0.01705   0.01130  -0.0224   0.0021   0.6486
  10.350   1.1069   0.01731   0.01157  -0.0219   0.0019   0.6490
  10.400   1.1122   0.01727   0.01153  -0.0220   0.0021   0.6493
  10.450   1.1115   0.01765   0.01194  -0.0213   0.0019   0.6494
  10.500   1.1177   0.01762   0.01190  -0.0215   0.0020   0.6497
  10.550   1.1221   0.01766   0.01194  -0.0215   0.0021   0.6499
  10.600   1.1231   0.01792   0.01222  -0.0210   0.0020   0.6501
  10.650   1.1278   0.01797   0.01227  -0.0211   0.0021   0.6504
  10.700   1.1297   0.01819   0.01250  -0.0207   0.0020   0.6508
  10.750   1.1320   0.01838   0.01270  -0.0204   0.0019   0.6508
  10.800   1.1341   0.01858   0.01292  -0.0201   0.0019   0.6511
  10.900   1.1404   0.01890   0.01325  -0.0198   0.0019   0.6517
  11.000   1.1451   0.01925   0.01363  -0.0192   0.0019   0.6521
  11.050   1.1481   0.01942   0.01381  -0.0190   0.0019   0.6523
  11.100   1.1514   0.01954   0.01393  -0.0189   0.0018   0.6527
  11.150   1.1538   0.01971   0.01411  -0.0186   0.0018   0.6527
  11.200   1.1590   0.01973   0.01412  -0.0187   0.0017   0.6531
  11.300   1.1657   0.02001   0.01441  -0.0184   0.0017   0.6536
  11.350   1.1650   0.02041   0.01485  -0.0178   0.0018   0.6537
  11.400   1.1734   0.02023   0.01463  -0.0183   0.0018   0.6540
  11.450   1.1730   0.02058   0.01502  -0.0177   0.0018   0.6541
  11.500   1.1771   0.02066   0.01510  -0.0176   0.0018   0.6544
  11.600   1.1829   0.02094   0.01539  -0.0172   0.0018   0.6548
  11.700   1.1897   0.02125   0.01572  -0.0170   0.0017   0.6556
  11.750   1.1876   0.02175   0.01627  -0.0163   0.0018   0.6558
  11.950   1.2045   0.02203   0.01653  -0.0162   0.0017   0.6569
  12.000   1.2080   0.02213   0.01664  -0.0161   0.0017   0.6571
  12.050   1.2105   0.02236   0.01688  -0.0159   0.0017   0.6574
  12.100   1.2130   0.02254   0.01708  -0.0157   0.0017   0.6576
  12.150   1.2153   0.02273   0.01727  -0.0154   0.0017   0.6579
  12.200   1.2182   0.02291   0.01746  -0.0152   0.0016   0.6581
  12.250   1.2195   0.02319   0.01776  -0.0149   0.0018   0.6584
  12.300   1.2271   0.02305   0.01760  -0.0153   0.0016   0.6587
  12.350   1.2272   0.02336   0.01794  -0.0148   0.0017   0.6589
  12.400   1.2322   0.02340   0.01796  -0.0149   0.0016   0.6592
  12.450   1.2329   0.02374   0.01834  -0.0145   0.0016   0.6594
  12.500   1.2381   0.02373   0.01831  -0.0146   0.0017   0.6596
  12.550   1.2374   0.02417   0.01878  -0.0140   0.0016   0.6599
  12.600   1.2433   0.02411   0.01871  -0.0142   0.0016   0.6602
  12.650   1.2415   0.02461   0.01925  -0.0135   0.0018   0.6604
  12.700   1.2458   0.02467   0.01931  -0.0136   0.0017   0.6607
  12.750   1.2519   0.02461   0.01923  -0.0138   0.0016   0.6609
  12.850   1.2553   0.02512   0.01977  -0.0132   0.0015   0.6615
  12.900   1.2596   0.02520   0.01985  -0.0132   0.0015   0.6615
  12.950   1.2599   0.02554   0.02020  -0.0128   0.0015   0.6618
  13.050   1.2649   0.02593   0.02062  -0.0124   0.0016   0.6624
  13.150   1.2706   0.02628   0.02098  -0.0121   0.0015   0.6631
  13.200   1.2745   0.02642   0.02112  -0.0122   0.0014   0.6633
  13.250   1.2740   0.02678   0.02152  -0.0116   0.0016   0.6634
  13.300   1.2789   0.02681   0.02154  -0.0117   0.0015   0.6638
  13.350   1.2783   0.02730   0.02207  -0.0112   0.0015   0.6642
  13.400   1.2814   0.02743   0.02220  -0.0111   0.0015   0.6644
  13.450   1.2851   0.02753   0.02230  -0.0111   0.0016   0.6649
  13.500   1.2875   0.02774   0.02252  -0.0109   0.0015   0.6651
  13.550   1.2922   0.02776   0.02252  -0.0110   0.0014   0.6654
  13.600   1.2894   0.02838   0.02319  -0.0103   0.0014   0.6655
  13.650   1.2940   0.02844   0.02324  -0.0103   0.0014   0.6659
  13.700   1.2982   0.02850   0.02330  -0.0104   0.0014   0.6662
  13.900   1.3094   0.02925   0.02407  -0.0099   0.0013   0.6674
  13.950   1.3069   0.02981   0.02468  -0.0092   0.0014   0.6677
  14.000   1.3106   0.02997   0.02486  -0.0093   0.0015   0.6679
  14.100   1.3184   0.03016   0.02503  -0.0092   0.0014   0.6686
  14.150   1.3119   0.03106   0.02601  -0.0082   0.0015   0.6688
  14.200   1.3191   0.03093   0.02585  -0.0086   0.0014   0.6690
  14.250   1.3281   0.03065   0.02551  -0.0091   0.0013   0.6693
  14.350   1.3270   0.03157   0.02651  -0.0083   0.0014   0.6700
  14.400   1.3273   0.03194   0.02689  -0.0079   0.0013   0.6702
  14.450   1.3333   0.03187   0.02681  -0.0081   0.0014   0.6706
  14.500   1.3335   0.03224   0.02721  -0.0077   0.0014   0.6710
  14.550   1.3339   0.03266   0.02765  -0.0075   0.0014   0.6713
  14.600   1.3391   0.03263   0.02760  -0.0076   0.0014   0.6716
  14.700   1.3340   0.03390   0.02896  -0.0065   0.0013   0.6721
  14.750   1.3395   0.03388   0.02893  -0.0067   0.0013   0.6725
  14.800   1.3420   0.03409   0.02917  -0.0066   0.0015   0.6729
  14.850   1.3479   0.03404   0.02908  -0.0068   0.0013   0.6733
  14.950   1.3434   0.03528   0.03039  -0.0058   0.0013   0.6737
  15.000   1.3475   0.03533   0.03044  -0.0058   0.0013   0.6741
  15.050   1.3447   0.03598   0.03113  -0.0053   0.0013   0.6745
  15.100   1.3510   0.03594   0.03108  -0.0055   0.0013   0.6747
  15.150   1.3477   0.03665   0.03184  -0.0050   0.0014   0.6750
  15.200   1.3504   0.03688   0.03207  -0.0050   0.0013   0.6754
  15.250   1.3559   0.03682   0.03200  -0.0051   0.0013   0.6757
  15.300   1.3560   0.03726   0.03245  -0.0049   0.0013   0.6760
  15.350   1.3627   0.03713   0.03231  -0.0051   0.0013   0.6763
  15.550   1.3515   0.03992   0.03524  -0.0034   0.0013   0.6773
  15.600   1.3575   0.03994   0.03526  -0.0037   0.0012   0.6777
  15.700   1.3457   0.04192   0.03734  -0.0025   0.0012   0.6783
  15.750   1.3545   0.04161   0.03701  -0.0029   0.0012   0.6787
  15.800   1.3528   0.04222   0.03765  -0.0025   0.0012   0.6790
  15.850   1.3441   0.04354   0.03902  -0.0020   0.0012   0.6792
  15.900   1.3730   0.04133   0.03670  -0.0034   0.0011   0.6800
  15.950   1.3683   0.04223   0.03765  -0.0029   0.0012   0.6803
  16.000   1.3636   0.04316   0.03861  -0.0025   0.0012   0.6804
  16.050   1.3653   0.04350   0.03897  -0.0025   0.0012   0.6808
  16.100   1.3558   0.04485   0.04038  -0.0018   0.0012   0.6811
  16.150   1.3656   0.04446   0.03995  -0.0022   0.0012   0.6815
  16.200   1.3730   0.04423   0.03972  -0.0024   0.0012   0.6820
  16.300   1.3807   0.04448   0.03997  -0.0024   0.0012   0.6828
  16.400   1.3652   0.04692   0.04252  -0.0014   0.0012   0.6832
  16.450   1.3603   0.04797   0.04360  -0.0012   0.0012   0.6834
  16.500   1.3700   0.04752   0.04313  -0.0015   0.0012   0.6839
  16.550   1.3730   0.04770   0.04332  -0.0014   0.0012   0.6842
  16.650   1.3697   0.04908   0.04475  -0.0011   0.0012   0.6849
  16.800   1.3836   0.04925   0.04492  -0.0014   0.0011   0.6862
  16.850   1.3901   0.04913   0.04479  -0.0016   0.0011   0.6866
  16.900   1.3862   0.05005   0.04575  -0.0013   0.0011   0.6870
  16.950   1.3780   0.05142   0.04717  -0.0010   0.0012   0.6872
  17.000   1.3783   0.05191   0.04768  -0.0009   0.0012   0.6877
  17.100   1.3939   0.05136   0.04709  -0.0013   0.0011   0.6888
  17.150   1.3735   0.05411   0.04995  -0.0007   0.0012   0.6886
  17.200   1.3835   0.05357   0.04939  -0.0009   0.0011   0.6893
  17.250   1.3891   0.05352   0.04932  -0.0010   0.0011   0.6897
  17.300   1.3946   0.05344   0.04925  -0.0011   0.0011   0.6902
  17.350   1.3853   0.05503   0.05089  -0.0009   0.0011   0.6905
  17.400   1.3867   0.05546   0.05133  -0.0009   0.0011   0.6908
  17.450   1.3881   0.05587   0.05175  -0.0009   0.0011   0.6911
  17.500   1.3795   0.05739   0.05332  -0.0008   0.0012   0.6914
  17.550   1.3810   0.05786   0.05381  -0.0009   0.0011   0.6917
  17.650   1.3903   0.05794   0.05388  -0.0010   0.0011   0.6929
  17.700   1.3706   0.06076   0.05680  -0.0007   0.0011   0.6926
  17.900   1.3714   0.06313   0.05923  -0.0011   0.0012   0.6943
  17.950   1.3893   0.06160   0.05765  -0.0013   0.0011   0.6953
  18.000   1.3807   0.06319   0.05929  -0.0013   0.0011   0.6955
  18.050   1.3853   0.06328   0.05938  -0.0013   0.0011   0.6961
  18.100   1.3724   0.06553   0.06171  -0.0015   0.0011   0.6962
  18.150   1.3810   0.06507   0.06122  -0.0016   0.0011   0.6967
  18.200   1.3943   0.06403   0.06014  -0.0016   0.0011   0.6976
  18.250   1.3684   0.06797   0.06420  -0.0019   0.0012   0.6972
  18.300   1.3662   0.06883   0.06509  -0.0019   0.0011   0.6976
  18.350   1.3697   0.06912   0.06538  -0.0022   0.0011   0.6982
  18.400   1.3727   0.06932   0.06558  -0.0022   0.0011   0.6987
  18.550   1.3680   0.07190   0.06822  -0.0028   0.0011   0.7000
  18.600   1.3830   0.07059   0.06688  -0.0027   0.0011   0.7008
  18.650   1.3762   0.07212   0.06845  -0.0029   0.0011   0.7012
  18.700   1.3731   0.07323   0.06959  -0.0032   0.0011   0.7015
  18.750   1.3673   0.07471   0.07110  -0.0035   0.0011   0.7018
  18.800   1.3657   0.07560   0.07202  -0.0037   0.0011   0.7022
  18.850   1.3610   0.07699   0.07344  -0.0041   0.0011   0.7026
  18.900   1.3713   0.07627   0.07270  -0.0041   0.0010   0.7036
  18.950   1.3750   0.07641   0.07283  -0.0042   0.0011   0.7041
  19.000   1.3654   0.07841   0.07488  -0.0047   0.0011   0.7043
  19.050   1.3531   0.08091   0.07745  -0.0053   0.0011   0.7041
  19.150   1.3597   0.08139   0.07793  -0.0056   0.0011   0.7055
  19.200   1.3412   0.08491   0.08154  -0.0067   0.0011   0.7050
  19.250   1.3474   0.08475   0.08137  -0.0067   0.0010   0.7057
  19.350   1.3229   0.09002   0.08675  -0.0086   0.0012   0.7058
  19.500   1.3501   0.08798   0.08466  -0.0081   0.0011   0.7084
  19.550   1.3497   0.08883   0.08552  -0.0085   0.0010   0.7089
  19.600   1.3453   0.09026   0.08699  -0.0090   0.0010   0.7092
  19.650   1.3044   0.09776   0.09464  -0.0120   0.0011   0.7076
  19.750   1.3205   0.09659   0.09344  -0.0116   0.0011   0.7095
  19.800   1.3191   0.09767   0.09454  -0.0121   0.0011   0.7099
  19.850   1.3280   0.09693   0.09379  -0.0119   0.0011   0.7110
  19.900   1.3055   0.10156   0.09851  -0.0139   0.0011   0.7103
  19.950   1.3363   0.09709   0.09395  -0.0121   0.0010   0.7125
  20.000   1.3392   0.09743   0.09428  -0.0123   0.0009   0.7132
