  -4.850  -0.1477   0.00712   0.00242  -0.1413   0.5421   0.2772
  -4.800  -0.1416   0.00712   0.00241  -0.1414   0.5404   0.2773
  -4.750  -0.1355   0.00712   0.00240  -0.1415   0.5384   0.2774
  -4.700  -0.1294   0.00712   0.00240  -0.1416   0.5368   0.2775
  -4.650  -0.1235   0.00712   0.00239  -0.1417   0.5349   0.2776
  -4.600  -0.1174   0.00712   0.00238  -0.1419   0.5335   0.2777
  -4.550  -0.1113   0.00712   0.00237  -0.1420   0.5318   0.2778
  -4.500  -0.1052   0.00712   0.00237  -0.1421   0.5301   0.2779
  -4.450  -0.0992   0.00712   0.00236  -0.1422   0.5284   0.2780
  -4.400  -0.0931   0.00712   0.00235  -0.1423   0.5266   0.2781
  -4.350  -0.0872   0.00712   0.00235  -0.1424   0.5253   0.2781
  -4.300  -0.0811   0.00712   0.00234  -0.1425   0.5238   0.2782
  -4.250  -0.0750   0.00712   0.00233  -0.1427   0.5223   0.2783
  -4.200  -0.0689   0.00712   0.00233  -0.1428   0.5208   0.2784
  -4.150  -0.0628   0.00712   0.00232  -0.1429   0.5192   0.2785
  -4.100  -0.0568   0.00712   0.00232  -0.1430   0.5176   0.2786
  -4.050  -0.0508   0.00713   0.00231  -0.1431   0.5162   0.2787
  -4.000  -0.0446   0.00712   0.00230  -0.1432   0.5150   0.2787
  -3.950  -0.0386   0.00712   0.00230  -0.1433   0.5136   0.2788
  -3.900  -0.0325   0.00712   0.00229  -0.1435   0.5123   0.2789
  -3.850  -0.0264   0.00712   0.00229  -0.1436   0.5108   0.2789
  -3.800  -0.0203   0.00713   0.00228  -0.1437   0.5094   0.2790
  -3.750  -0.0143   0.00713   0.00228  -0.1438   0.5080   0.2791
  -3.700  -0.0083   0.00713   0.00227  -0.1439   0.5067   0.2791
  -3.650  -0.0022   0.00713   0.00227  -0.1440   0.5056   0.2792
  -3.600   0.0039   0.00713   0.00226  -0.1441   0.5043   0.2793
  -3.550   0.0100   0.00713   0.00226  -0.1442   0.5031   0.2793
  -3.500   0.0160   0.00713   0.00225  -0.1443   0.5017   0.2794
  -3.450   0.0221   0.00713   0.00225  -0.1444   0.5003   0.2795
  -3.400   0.0282   0.00714   0.00225  -0.1445   0.4990   0.2795
  -3.350   0.0341   0.00714   0.00224  -0.1446   0.4977   0.2796
  -3.300   0.0403   0.00714   0.00224  -0.1447   0.4967   0.2796
  -3.250   0.0463   0.00714   0.00223  -0.1449   0.4955   0.2796
  -3.150   0.0586   0.00714   0.00222  -0.1451   0.4932   0.2799
  -3.100   0.0647   0.00713   0.00221  -0.1452   0.4918   0.2800
  -3.050   0.0708   0.00713   0.00220  -0.1454   0.4906   0.2803
  -3.000   0.0769   0.00713   0.00219  -0.1455   0.4893   0.2805
  -2.950   0.0831   0.00712   0.00218  -0.1456   0.4882   0.2807
  -2.900   0.0892   0.00712   0.00218  -0.1457   0.4872   0.2808
  -2.850   0.0954   0.00711   0.00217  -0.1459   0.4861   0.2811
  -2.800   0.1016   0.00710   0.00216  -0.1460   0.4851   0.2813
  -2.750   0.1077   0.00710   0.00215  -0.1461   0.4839   0.2815
  -2.700   0.1138   0.00710   0.00215  -0.1462   0.4827   0.2816
  -2.650   0.1199   0.00710   0.00214  -0.1464   0.4815   0.2818
  -2.600   0.1259   0.00710   0.00214  -0.1465   0.4803   0.2820
  -2.550   0.1320   0.00710   0.00214  -0.1466   0.4794   0.2821
  -2.500   0.1382   0.00709   0.00213  -0.1467   0.4784   0.2823
  -2.450   0.1444   0.00709   0.00212  -0.1468   0.4775   0.2825
  -2.400   0.1505   0.00709   0.00212  -0.1469   0.4766   0.2827
  -2.350   0.1566   0.00708   0.00212  -0.1470   0.4756   0.2829
  -2.300   0.1627   0.00708   0.00211  -0.1472   0.4746   0.2830
  -2.200   0.1749   0.00709   0.00211  -0.1474   0.4726   0.2833
  -2.150   0.1810   0.00709   0.00210  -0.1475   0.4715   0.2834
  -2.100   0.1871   0.00709   0.00210  -0.1476   0.4706   0.2835
  -2.050   0.1932   0.00709   0.00210  -0.1477   0.4698   0.2837
  -2.000   0.1994   0.00709   0.00210  -0.1478   0.4690   0.2838
  -1.900   0.2116   0.00708   0.00209  -0.1481   0.4673   0.2841
  -1.850   0.2177   0.00708   0.00209  -0.1482   0.4665   0.2843
  -1.800   0.2238   0.00708   0.00209  -0.1483   0.4655   0.2844
  -1.750   0.2299   0.00709   0.00209  -0.1484   0.4646   0.2845
  -1.700   0.2360   0.00709   0.00208  -0.1485   0.4637   0.2847
  -1.650   0.2420   0.00709   0.00208  -0.1486   0.4628   0.2848
  -1.600   0.2481   0.00710   0.00208  -0.1487   0.4618   0.2850
  -1.550   0.2542   0.00710   0.00208  -0.1488   0.4610   0.2851
  -1.500   0.2603   0.00710   0.00208  -0.1489   0.4603   0.2852
  -1.450   0.2665   0.00710   0.00208  -0.1490   0.4597   0.2853
  -1.400   0.2726   0.00710   0.00208  -0.1491   0.4588   0.2854
  -1.350   0.2788   0.00710   0.00208  -0.1492   0.4581   0.2856
  -1.300   0.2847   0.00710   0.00208  -0.1493   0.4573   0.2857
  -1.250   0.2909   0.00710   0.00208  -0.1494   0.4564   0.2858
  -1.200   0.2969   0.00711   0.00208  -0.1495   0.4557   0.2859
  -1.150   0.3030   0.00711   0.00208  -0.1496   0.4548   0.2860
  -1.100   0.3090   0.00712   0.00208  -0.1497   0.4541   0.2862
  -1.050   0.3151   0.00712   0.00208  -0.1498   0.4532   0.2863
  -1.000   0.3211   0.00713   0.00208  -0.1499   0.4523   0.2864
  -0.950   0.3272   0.00713   0.00208  -0.1500   0.4517   0.2865
  -0.900   0.3334   0.00713   0.00208  -0.1501   0.4512   0.2866
  -0.850   0.3395   0.00713   0.00208  -0.1502   0.4505   0.2867
  -0.800   0.3456   0.00713   0.00208  -0.1503   0.4499   0.2868
  -0.750   0.3517   0.00713   0.00208  -0.1504   0.4493   0.2869
  -0.700   0.3577   0.00714   0.00209  -0.1505   0.4486   0.2870
  -0.650   0.3638   0.00714   0.00209  -0.1506   0.4479   0.2871
  -0.600   0.3698   0.00714   0.00209  -0.1507   0.4472   0.2872
  -0.550   0.3760   0.00715   0.00209  -0.1508   0.4466   0.2872
  -0.500   0.3820   0.00715   0.00209  -0.1508   0.4459   0.2873
  -0.450   0.3880   0.00716   0.00209  -0.1509   0.4452   0.2874
  -0.400   0.3941   0.00717   0.00210  -0.1510   0.4445   0.2875
  -0.300   0.4062   0.00717   0.00210  -0.1512   0.4431   0.2879
  -0.250   0.4124   0.00717   0.00209  -0.1513   0.4427   0.2882
  -0.200   0.4186   0.00716   0.00209  -0.1514   0.4422   0.2885
  -0.150   0.4248   0.00716   0.00209  -0.1516   0.4417   0.2888
  -0.100   0.4310   0.00715   0.00209  -0.1517   0.4411   0.2890
  -0.050   0.4370   0.00715   0.00209  -0.1518   0.4406   0.2893
   0.000   0.4432   0.00715   0.00209  -0.1519   0.4401   0.2895
   0.050   0.4493   0.00715   0.00209  -0.1520   0.4395   0.2898
   0.150   0.4614   0.00715   0.00209  -0.1522   0.4383   0.2902
   0.200   0.4676   0.00715   0.00209  -0.1523   0.4377   0.2904
   0.250   0.4737   0.00716   0.00210  -0.1524   0.4372   0.2907
   0.300   0.4797   0.00716   0.00210  -0.1525   0.4365   0.2908
   0.350   0.4858   0.00716   0.00210  -0.1526   0.4359   0.2910
   0.400   0.4918   0.00717   0.00211  -0.1526   0.4352   0.2912
   0.450   0.4978   0.00717   0.00211  -0.1527   0.4347   0.2914
   0.500   0.5038   0.00718   0.00211  -0.1528   0.4340   0.2916
   0.550   0.5100   0.00718   0.00211  -0.1529   0.4336   0.2918
   0.600   0.5161   0.00718   0.00212  -0.1530   0.4333   0.2920
   0.650   0.5222   0.00718   0.00212  -0.1531   0.4328   0.2922
   0.750   0.5344   0.00718   0.00213  -0.1533   0.4319   0.2925
   0.800   0.5405   0.00718   0.00213  -0.1534   0.4315   0.2927
   0.850   0.5466   0.00719   0.00213  -0.1535   0.4310   0.2928
   0.900   0.5527   0.00719   0.00214  -0.1536   0.4305   0.2930
   1.000   0.5648   0.00720   0.00214  -0.1537   0.4296   0.2934
   1.050   0.5708   0.00720   0.00215  -0.1538   0.4291   0.2936
   1.100   0.5769   0.00721   0.00215  -0.1539   0.4286   0.2937
   1.150   0.5829   0.00721   0.00216  -0.1540   0.4282   0.2939
   1.200   0.5889   0.00722   0.00216  -0.1540   0.4276   0.2940
   1.250   0.5949   0.00723   0.00217  -0.1541   0.4271   0.2941
   1.300   0.6008   0.00723   0.00217  -0.1542   0.4267   0.2943
   1.350   0.6069   0.00724   0.00218  -0.1542   0.4261   0.2944
   1.400   0.6128   0.00725   0.00219  -0.1543   0.4255   0.2946
   1.450   0.6188   0.00726   0.00219  -0.1544   0.4250   0.2947
   1.500   0.6249   0.00726   0.00220  -0.1544   0.4247   0.2948
   1.550   0.6310   0.00726   0.00220  -0.1545   0.4243   0.2949
   1.600   0.6370   0.00727   0.00221  -0.1546   0.4239   0.2950
   1.650   0.6432   0.00727   0.00221  -0.1547   0.4235   0.2951
   1.700   0.6492   0.00727   0.00222  -0.1548   0.4229   0.2952
   1.750   0.6551   0.00728   0.00222  -0.1548   0.4224   0.2953
   1.850   0.6673   0.00728   0.00223  -0.1550   0.4212   0.2960
   1.900   0.6734   0.00728   0.00223  -0.1551   0.4207   0.2963
   1.950   0.6794   0.00729   0.00224  -0.1552   0.4200   0.2966
   2.000   0.6854   0.00729   0.00224  -0.1553   0.4194   0.2969
   2.050   0.6914   0.00730   0.00225  -0.1553   0.4186   0.2972
   2.100   0.6975   0.00731   0.00226  -0.1554   0.4179   0.2975
   2.150   0.7034   0.00732   0.00226  -0.1555   0.4172   0.2978
   2.200   0.7093   0.00733   0.00227  -0.1555   0.4163   0.2981
   2.250   0.7153   0.00733   0.00228  -0.1556   0.4158   0.2983
   2.300   0.7215   0.00733   0.00228  -0.1557   0.4152   0.2986
   2.350   0.7276   0.00733   0.00229  -0.1558   0.4147   0.2989
   2.400   0.7336   0.00733   0.00229  -0.1559   0.4141   0.2991
   2.450   0.7396   0.00734   0.00230  -0.1559   0.4134   0.2993
   2.550   0.7516   0.00735   0.00231  -0.1560   0.4120   0.2999
   2.600   0.7576   0.00736   0.00232  -0.1561   0.4112   0.3001
   2.650   0.7635   0.00737   0.00233  -0.1562   0.4105   0.3003
   2.750   0.7753   0.00739   0.00235  -0.1563   0.4090   0.3008
   2.800   0.7812   0.00740   0.00236  -0.1563   0.4081   0.3010
   2.850   0.7871   0.00741   0.00237  -0.1564   0.4074   0.3013
   2.900   0.7931   0.00742   0.00238  -0.1564   0.4068   0.3015
   2.950   0.7991   0.00742   0.00238  -0.1565   0.4061   0.3017
   3.000   0.8052   0.00743   0.00239  -0.1566   0.4057   0.3019
   3.050   0.8112   0.00743   0.00240  -0.1566   0.4050   0.3021
   3.100   0.8171   0.00744   0.00240  -0.1567   0.4043   0.3023
   3.150   0.8232   0.00745   0.00241  -0.1567   0.4036   0.3025
   3.200   0.8291   0.00745   0.00242  -0.1568   0.4029   0.3027
   3.250   0.8350   0.00746   0.00243  -0.1568   0.4022   0.3028
   3.350   0.8466   0.00749   0.00245  -0.1569   0.4007   0.3032
   3.500   0.8644   0.00753   0.00248  -0.1570   0.3982   0.3041
   3.550   0.8704   0.00753   0.00249  -0.1571   0.3978   0.3046
   3.600   0.8765   0.00753   0.00250  -0.1572   0.3972   0.3050
   3.650   0.8825   0.00753   0.00250  -0.1573   0.3964   0.3054
   3.700   0.8886   0.00754   0.00251  -0.1573   0.3957   0.3058
   3.750   0.8946   0.00754   0.00252  -0.1574   0.3951   0.3062
   3.800   0.9005   0.00755   0.00253  -0.1574   0.3942   0.3066
   3.850   0.9064   0.00756   0.00254  -0.1575   0.3933   0.3069
   3.900   0.9123   0.00757   0.00255  -0.1575   0.3922   0.3072
   3.950   0.9181   0.00758   0.00256  -0.1576   0.3914   0.3075
   4.000   0.9239   0.00760   0.00258  -0.1576   0.3904   0.3079
   4.050   0.9297   0.00762   0.00259  -0.1576   0.3894   0.3082
   4.100   0.9357   0.00762   0.00260  -0.1577   0.3885   0.3085
   4.150   0.9416   0.00763   0.00261  -0.1577   0.3879   0.3088
   4.250   0.9535   0.00764   0.00263  -0.1578   0.3864   0.3094
   4.300   0.9594   0.00765   0.00264  -0.1579   0.3855   0.3097
   4.350   0.9652   0.00766   0.00265  -0.1579   0.3849   0.3099
   4.400   0.9712   0.00768   0.00266  -0.1579   0.3840   0.3102
   4.450   0.9769   0.00769   0.00268  -0.1579   0.3833   0.3104
   4.500   0.9828   0.00771   0.00269  -0.1580   0.3824   0.3107
   4.550   0.9885   0.00772   0.00271  -0.1580   0.3814   0.3109
   4.600   0.9943   0.00774   0.00272  -0.1580   0.3805   0.3111
   4.750   1.0120   0.00776   0.00275  -0.1581   0.3780   0.3122
   4.800   1.0178   0.00777   0.00276  -0.1582   0.3772   0.3126
   4.850   1.0238   0.00779   0.00278  -0.1582   0.3757   0.3131
   4.900   1.0294   0.00781   0.00279  -0.1582   0.3738   0.3136
   5.050   1.0468   0.00785   0.00284  -0.1583   0.3707   0.3148
   5.100   1.0527   0.00787   0.00285  -0.1583   0.3690   0.3152
   5.150   1.0585   0.00788   0.00287  -0.1583   0.3675   0.3156
   5.200   1.0640   0.00791   0.00289  -0.1583   0.3651   0.3159
   5.250   1.0695   0.00795   0.00291  -0.1583   0.3629   0.3163
   5.300   1.0752   0.00796   0.00293  -0.1583   0.3614   0.3167
   5.350   1.0810   0.00798   0.00294  -0.1583   0.3594   0.3170
   5.400   1.0865   0.00801   0.00296  -0.1583   0.3570   0.3174
   5.450   1.0920   0.00804   0.00299  -0.1582   0.3549   0.3177
   5.500   1.0975   0.00806   0.00300  -0.1582   0.3531   0.3181
   5.550   1.1032   0.00808   0.00302  -0.1582   0.3519   0.3183
   5.600   1.1088   0.00811   0.00304  -0.1582   0.3488   0.3186
   5.650   1.1140   0.00815   0.00307  -0.1581   0.3462   0.3189
   5.700   1.1197   0.00818   0.00309  -0.1581   0.3441   0.3191
   5.800   1.1304   0.00826   0.00315  -0.1580   0.3379   0.3200
   5.850   1.1358   0.00830   0.00317  -0.1579   0.3346   0.3205
   5.900   1.1405   0.00837   0.00322  -0.1578   0.3284   0.3210
   5.950   1.1450   0.00846   0.00327  -0.1576   0.3210   0.3215
   6.000   1.1500   0.00852   0.00331  -0.1575   0.3164   0.3219
   6.050   1.1541   0.00863   0.00338  -0.1572   0.3072   0.3224
   6.100   1.1583   0.00873   0.00345  -0.1569   0.2995   0.3228
   6.150   1.1621   0.00887   0.00353  -0.1566   0.2892   0.3232
   6.300   1.1732   0.00927   0.00379  -0.1556   0.2620   0.3244
   6.350   1.1775   0.00938   0.00386  -0.1554   0.2550   0.3249
   6.400   1.1814   0.00949   0.00393  -0.1551   0.2474   0.3253
   6.450   1.1859   0.00959   0.00400  -0.1549   0.2420   0.3256
   6.550   1.1944   0.00979   0.00414  -0.1544   0.2290   0.3263
   6.600   1.1984   0.00989   0.00421  -0.1541   0.2225   0.3266
   6.650   1.2024   0.01001   0.00428  -0.1538   0.2153   0.3269
   6.700   1.2065   0.01011   0.00435  -0.1536   0.2096   0.3271
   6.750   1.2113   0.01018   0.00441  -0.1534   0.2053   0.3274
   6.800   1.2154   0.01028   0.00447  -0.1532   0.1999   0.3280
   6.850   1.2197   0.01036   0.00454  -0.1529   0.1950   0.3285
   6.900   1.2240   0.01047   0.00461  -0.1527   0.1890   0.3290
   6.950   1.2282   0.01056   0.00468  -0.1524   0.1840   0.3295
   7.000   1.2327   0.01063   0.00473  -0.1522   0.1803   0.3301
   7.050   1.2368   0.01074   0.00481  -0.1520   0.1743   0.3305
   7.100   1.2416   0.01080   0.00486  -0.1518   0.1714   0.3309
   7.150   1.2455   0.01091   0.00494  -0.1515   0.1655   0.3314
   7.200   1.2494   0.01100   0.00501  -0.1512   0.1609   0.3318
   7.350   1.2620   0.01124   0.00519  -0.1504   0.1490   0.3330
   7.400   1.2665   0.01130   0.00524  -0.1502   0.1469   0.3334
   7.450   1.2698   0.01140   0.00531  -0.1498   0.1420   0.3338
   7.500   1.2736   0.01147   0.00537  -0.1495   0.1387   0.3341
   7.550   1.2773   0.01156   0.00543  -0.1491   0.1349   0.3344
   7.600   1.2812   0.01163   0.00549  -0.1488   0.1318   0.3348
   7.650   1.2848   0.01171   0.00555  -0.1484   0.1286   0.3350
   7.700   1.2885   0.01177   0.00560  -0.1480   0.1259   0.3353
   7.750   1.2919   0.01186   0.00567  -0.1476   0.1224   0.3355
   7.850   1.2993   0.01201   0.00579  -0.1469   0.1164   0.3364
   7.900   1.3033   0.01208   0.00585  -0.1466   0.1142   0.3370
   7.950   1.3069   0.01217   0.00593  -0.1462   0.1102   0.3374
   8.000   1.3105   0.01226   0.00600  -0.1459   0.1076   0.3379
   8.050   1.3148   0.01233   0.00606  -0.1456   0.1054   0.3384
   8.100   1.3187   0.01240   0.00612  -0.1453   0.1029   0.3389
   8.150   1.3226   0.01248   0.00619  -0.1450   0.1008   0.3393
   8.250   1.3306   0.01262   0.00632  -0.1444   0.0965   0.3402
   8.350   1.3377   0.01281   0.00648  -0.1437   0.0909   0.3410
   8.400   1.3418   0.01288   0.00654  -0.1434   0.0891   0.3413
   8.450   1.3454   0.01298   0.00662  -0.1431   0.0867   0.3418
   8.500   1.3493   0.01305   0.00669  -0.1428   0.0848   0.3421
   8.550   1.3531   0.01314   0.00676  -0.1424   0.0824   0.3425
   8.600   1.3569   0.01322   0.00683  -0.1421   0.0808   0.3428
   8.650   1.3605   0.01331   0.00691  -0.1418   0.0785   0.3431
   8.700   1.3645   0.01338   0.00697  -0.1415   0.0772   0.3434
   8.750   1.3683   0.01346   0.00705  -0.1412   0.0752   0.3436
   8.800   1.3718   0.01355   0.00713  -0.1408   0.0737   0.3438
   8.850   1.3755   0.01363   0.00720  -0.1404   0.0719   0.3442
   8.900   1.3796   0.01370   0.00726  -0.1402   0.0706   0.3449
   8.950   1.3832   0.01379   0.00735  -0.1398   0.0689   0.3454
   9.000   1.3869   0.01388   0.00743  -0.1395   0.0673   0.3460
   9.050   1.3908   0.01395   0.00750  -0.1392   0.0661   0.3464
   9.150   1.3986   0.01410   0.00764  -0.1386   0.0637   0.3473
   9.200   1.4017   0.01421   0.00774  -0.1382   0.0616   0.3478
   9.250   1.4057   0.01428   0.00781  -0.1379   0.0606   0.3484
   9.300   1.4094   0.01436   0.00788  -0.1376   0.0594   0.3488
   9.350   1.4131   0.01445   0.00796  -0.1373   0.0583   0.3493
   9.400   1.4164   0.01455   0.00806  -0.1369   0.0567   0.3496
   9.450   1.4203   0.01462   0.00813  -0.1366   0.0559   0.3500
   9.500   1.4244   0.01469   0.00819  -0.1363   0.0553   0.3505
   9.550   1.4277   0.01479   0.00829  -0.1359   0.0536   0.3508
   9.600   1.4312   0.01488   0.00837  -0.1356   0.0527   0.3510
   9.700   1.4381   0.01505   0.00854  -0.1348   0.0507   0.3517
   9.750   1.4417   0.01514   0.00862  -0.1345   0.0496   0.3519
   9.900   1.4521   0.01543   0.00890  -0.1334   0.0464   0.3531
   9.950   1.4556   0.01552   0.00898  -0.1331   0.0455   0.3536
  10.050   1.4622   0.01572   0.00917  -0.1324   0.0437   0.3545
  10.100   1.4656   0.01581   0.00927  -0.1320   0.0428   0.3550
  10.150   1.4694   0.01590   0.00935  -0.1317   0.0422   0.3555
  10.200   1.4725   0.01600   0.00946  -0.1313   0.0411   0.3559
  10.250   1.4757   0.01611   0.00956  -0.1309   0.0403   0.3563
  10.300   1.4790   0.01622   0.00967  -0.1306   0.0393   0.3567
  10.350   1.4824   0.01631   0.00976  -0.1302   0.0386   0.3571
  10.400   1.4860   0.01641   0.00985  -0.1299   0.0380   0.3575
  10.450   1.4892   0.01651   0.00995  -0.1295   0.0374   0.3579
  10.500   1.4925   0.01661   0.01006  -0.1292   0.0368   0.3582
  10.550   1.4952   0.01673   0.01017  -0.1287   0.0359   0.3586
  10.600   1.4987   0.01682   0.01026  -0.1284   0.0355   0.3589
  10.650   1.5021   0.01693   0.01037  -0.1280   0.0347   0.3593
  10.700   1.5051   0.01705   0.01048  -0.1277   0.0339   0.3596
  10.750   1.5083   0.01717   0.01060  -0.1273   0.0333   0.3599
  10.800   1.5110   0.01729   0.01072  -0.1269   0.0325   0.3602
  10.900   1.5172   0.01752   0.01094  -0.1261   0.0312   0.3607
  11.000   1.5234   0.01775   0.01118  -0.1254   0.0303   0.3614
  11.050   1.5260   0.01788   0.01130  -0.1249   0.0295   0.3621
  11.100   1.5298   0.01798   0.01141  -0.1247   0.0293   0.3625
  11.150   1.5326   0.01811   0.01154  -0.1242   0.0285   0.3630
  11.200   1.5355   0.01823   0.01166  -0.1239   0.0281   0.3635
  11.300   1.5411   0.01850   0.01193  -0.1231   0.0271   0.3643
  11.350   1.5443   0.01860   0.01204  -0.1227   0.0271   0.3648
  11.400   1.5473   0.01873   0.01217  -0.1223   0.0264   0.3651
  11.450   1.5505   0.01885   0.01229  -0.1220   0.0261   0.3658
  11.500   1.5530   0.01900   0.01244  -0.1216   0.0255   0.3660
  11.600   1.5587   0.01928   0.01272  -0.1208   0.0248   0.3670
  11.700   1.5648   0.01952   0.01297  -0.1201   0.0245   0.3678
  11.750   1.5676   0.01966   0.01310  -0.1197   0.0241   0.3681
  11.950   1.5788   0.02021   0.01367  -0.1183   0.0230   0.3692
  12.000   1.5806   0.02041   0.01387  -0.1178   0.0223   0.3695
  12.050   1.5836   0.02055   0.01401  -0.1174   0.0222   0.3700
  12.100   1.5865   0.02069   0.01415  -0.1171   0.0220   0.3705
  12.150   1.5893   0.02083   0.01430  -0.1167   0.0218   0.3710
  12.200   1.5924   0.02098   0.01446  -0.1164   0.0215   0.3716
  12.250   1.5951   0.02113   0.01461  -0.1161   0.0213   0.3721
  12.300   1.5977   0.02129   0.01477  -0.1157   0.0211   0.3725
  12.350   1.6001   0.02147   0.01496  -0.1153   0.0207   0.3729
  12.400   1.6028   0.02163   0.01512  -0.1150   0.0206   0.3733
  12.450   1.6048   0.02183   0.01532  -0.1146   0.0202   0.3738
  12.500   1.6075   0.02199   0.01549  -0.1142   0.0201   0.3742
  12.550   1.6102   0.02215   0.01565  -0.1139   0.0199   0.3746
  12.600   1.6131   0.02231   0.01582  -0.1136   0.0198   0.3750
  12.650   1.6155   0.02249   0.01600  -0.1132   0.0195   0.3754
  12.700   1.6180   0.02267   0.01618  -0.1129   0.0193   0.3758
  12.750   1.6206   0.02285   0.01636  -0.1125   0.0191   0.3762
  12.850   1.6252   0.02324   0.01676  -0.1118   0.0187   0.3769
  12.900   1.6270   0.02345   0.01697  -0.1114   0.0185   0.3772
  12.950   1.6295   0.02365   0.01718  -0.1111   0.0183   0.3775
  13.050   1.6341   0.02404   0.01758  -0.1104   0.0180   0.3780
  13.150   1.6389   0.02444   0.01799  -0.1097   0.0177   0.3791
  13.200   1.6410   0.02465   0.01821  -0.1094   0.0175   0.3796
  13.250   1.6431   0.02487   0.01843  -0.1090   0.0173   0.3802
  13.300   1.6454   0.02509   0.01865  -0.1087   0.0172   0.3807
  13.350   1.6474   0.02532   0.01889  -0.1084   0.0170   0.3813
  13.400   1.6490   0.02556   0.01914  -0.1080   0.0167   0.3816
  13.450   1.6508   0.02581   0.01939  -0.1076   0.0166   0.3822
  13.500   1.6527   0.02606   0.01965  -0.1073   0.0164   0.3828
  13.550   1.6546   0.02630   0.01989  -0.1070   0.0163   0.3830
  13.600   1.6570   0.02652   0.02012  -0.1067   0.0162   0.3836
  13.650   1.6591   0.02676   0.02036  -0.1064   0.0160   0.3842
  13.700   1.6610   0.02700   0.02061  -0.1061   0.0159   0.3845
  13.900   1.6688   0.02805   0.02169  -0.1049   0.0153   0.3862
  13.950   1.6708   0.02832   0.02196  -0.1046   0.0152   0.3865
  14.000   1.6724   0.02861   0.02225  -0.1043   0.0151   0.3868
  14.100   1.6755   0.02922   0.02288  -0.1037   0.0148   0.3880
  14.150   1.6773   0.02950   0.02317  -0.1034   0.0147   0.3887
  14.200   1.6792   0.02979   0.02346  -0.1032   0.0146   0.3893
  14.250   1.6812   0.03008   0.02376  -0.1029   0.0144   0.3897
  14.350   1.6848   0.03066   0.02436  -0.1024   0.0143   0.3908
  14.400   1.6862   0.03097   0.02468  -0.1021   0.0141   0.3914
  14.450   1.6880   0.03129   0.02500  -0.1019   0.0140   0.3919
  14.500   1.6897   0.03160   0.02532  -0.1017   0.0140   0.3924
  14.550   1.6910   0.03194   0.02567  -0.1014   0.0138   0.3929
  14.600   1.6928   0.03227   0.02600  -0.1012   0.0137   0.3934
  14.700   1.6952   0.03297   0.02672  -0.1007   0.0135   0.3943
  14.750   1.6963   0.03334   0.02709  -0.1004   0.0134   0.3948
  14.800   1.6975   0.03371   0.02747  -0.1002   0.0133   0.3951
  14.850   1.6990   0.03406   0.02783  -0.0999   0.0132   0.3955
  14.950   1.7018   0.03479   0.02857  -0.0995   0.0130   0.3966
  15.000   1.7035   0.03514   0.02894  -0.0994   0.0130   0.3972
  15.050   1.7049   0.03551   0.02932  -0.0992   0.0129   0.3978
  15.100   1.7062   0.03588   0.02969  -0.0990   0.0128   0.3986
  15.150   1.7076   0.03625   0.03008  -0.0988   0.0127   0.3990
  15.200   1.7092   0.03663   0.03047  -0.0986   0.0126   0.3997
  15.250   1.7104   0.03702   0.03087  -0.0984   0.0126   0.4003
  15.300   1.7117   0.03743   0.03128  -0.0983   0.0125   0.4010
  15.350   1.7127   0.03784   0.03170  -0.0981   0.0124   0.4016
  15.550   1.7171   0.03953   0.03342  -0.0974   0.0121   0.4038
  15.600   1.7180   0.03999   0.03389  -0.0973   0.0120   0.4042
  15.700   1.7197   0.04089   0.03481  -0.0970   0.0119   0.4054
  15.750   1.7204   0.04137   0.03530  -0.0968   0.0117   0.4061
  15.800   1.7213   0.04183   0.03577  -0.0967   0.0117   0.4069
  15.850   1.7225   0.04227   0.03623  -0.0966   0.0116   0.4076
  15.900   1.7237   0.04271   0.03667  -0.0965   0.0116   0.4083
  15.950   1.7248   0.04317   0.03714  -0.0964   0.0115   0.4091
  16.000   1.7259   0.04361   0.03759  -0.0962   0.0115   0.4098
  16.050   1.7268   0.04408   0.03807  -0.0961   0.0114   0.4104
  16.100   1.7278   0.04455   0.03855  -0.0960   0.0114   0.4109
  16.150   1.7287   0.04503   0.03904  -0.0959   0.0113   0.4116
  16.200   1.7295   0.04551   0.03953  -0.0958   0.0112   0.4123
  16.300   1.7312   0.04651   0.04055  -0.0956   0.0111   0.4133
  16.400   1.7326   0.04753   0.04159  -0.0955   0.0110   0.4147
  16.450   1.7333   0.04804   0.04212  -0.0954   0.0109   0.4156
  16.500   1.7337   0.04859   0.04267  -0.0953   0.0109   0.4163
  16.550   1.7343   0.04911   0.04320  -0.0953   0.0108   0.4169
  16.650   1.7353   0.05022   0.04433  -0.0951   0.0107   0.4185
  16.800   1.7364   0.05192   0.04607  -0.0950   0.0105   0.4206
  16.850   1.7369   0.05248   0.04664  -0.0949   0.0105   0.4212
  16.900   1.7371   0.05306   0.04723  -0.0949   0.0104   0.4218
  16.950   1.7375   0.05363   0.04781  -0.0948   0.0104   0.4224
  17.000   1.7383   0.05416   0.04835  -0.0948   0.0103   0.4233
  17.100   1.7394   0.05527   0.04948  -0.0948   0.0103   0.4251
  17.150   1.7401   0.05581   0.05003  -0.0947   0.0102   0.4261
  17.200   1.7407   0.05638   0.05062  -0.0947   0.0102   0.4267
  17.250   1.7410   0.05697   0.05122  -0.0947   0.0101   0.4274
  17.300   1.7416   0.05753   0.05179  -0.0947   0.0101   0.4286
  17.350   1.7421   0.05813   0.05240  -0.0947   0.0100   0.4293
  17.400   1.7423   0.05872   0.05300  -0.0947   0.0100   0.4300
  17.450   1.7428   0.05930   0.05359  -0.0947   0.0100   0.4306
  17.500   1.7431   0.05990   0.05420  -0.0947   0.0099   0.4314
  17.550   1.7434   0.06051   0.05483  -0.0947   0.0099   0.4324
  17.650   1.7440   0.06173   0.05606  -0.0947   0.0098   0.4343
  17.700   1.7441   0.06236   0.05671  -0.0947   0.0097   0.4352
  17.900   1.7446   0.06490   0.05929  -0.0948   0.0096   0.4387
  17.950   1.7448   0.06553   0.05993  -0.0948   0.0095   0.4395
  18.000   1.7447   0.06618   0.06060  -0.0948   0.0095   0.4403
  18.050   1.7448   0.06686   0.06129  -0.0949   0.0094   0.4411
  18.100   1.7448   0.06752   0.06196  -0.0950   0.0094   0.4422
  18.150   1.7447   0.06819   0.06264  -0.0950   0.0093   0.4433
  18.200   1.7446   0.06888   0.06335  -0.0951   0.0093   0.4444
  18.250   1.7446   0.06954   0.06402  -0.0951   0.0093   0.4453
  18.300   1.7444   0.07021   0.06470  -0.0952   0.0092   0.4462
  18.350   1.7441   0.07094   0.06544  -0.0952   0.0091   0.4472
  18.400   1.7443   0.07160   0.06611  -0.0953   0.0091   0.4480
  18.550   1.7450   0.07349   0.06805  -0.0955   0.0090   0.4511
  18.600   1.7453   0.07415   0.06872  -0.0956   0.0090   0.4523
  18.650   1.7456   0.07478   0.06936  -0.0956   0.0090   0.4534
  18.700   1.7459   0.07544   0.07003  -0.0957   0.0089   0.4545
  18.750   1.7458   0.07611   0.07071  -0.0958   0.0089   0.4556
  18.800   1.7459   0.07678   0.07139  -0.0959   0.0089   0.4567
  18.850   1.7462   0.07742   0.07204  -0.0959   0.0089   0.4577
  18.900   1.7462   0.07809   0.07272  -0.0960   0.0088   0.4586
  18.950   1.7461   0.07878   0.07343  -0.0961   0.0088   0.4598
  19.000   1.7462   0.07946   0.07413  -0.0962   0.0088   0.4609
  19.050   1.7463   0.08011   0.07479  -0.0963   0.0087   0.4621
  19.150   1.7463   0.08151   0.07621  -0.0965   0.0086   0.4645
  19.200   1.7461   0.08222   0.07693  -0.0966   0.0086   0.4654
  19.250   1.7462   0.08290   0.07762  -0.0967   0.0086   0.4665
  19.350   1.7460   0.08430   0.07904  -0.0969   0.0085   0.4686
  19.500   1.7459   0.08638   0.08117  -0.0973   0.0084   0.4721
  19.550   1.7457   0.08711   0.08190  -0.0974   0.0084   0.4732
  19.600   1.7454   0.08785   0.08265  -0.0976   0.0083   0.4743
  19.650   1.7450   0.08858   0.08340  -0.0977   0.0083   0.4753
  19.750   1.7449   0.08998   0.08482  -0.0980   0.0082   0.4775
  19.800   1.7445   0.09073   0.08559  -0.0981   0.0082   0.4785
  19.850   1.7443   0.09147   0.08634  -0.0983   0.0081   0.4797
  19.900   1.7442   0.09219   0.08707  -0.0984   0.0081   0.4809
  19.950   1.7444   0.09285   0.08775  -0.0986   0.0081   0.4822
  20.000   1.7437   0.09363   0.08854  -0.0987   0.0080   0.4836
